     126.67870331     126.92109680     127.14140320     127.07450104     127.30220032     127.30220032     127.30220032     127.30220032     127.51730347     127.94539642     128.09500122     128.20590210     128.30119324     128.35150146     128.43249512     128.41760254     128.41960144     128.36860657     128.26969910     128.22399902
     128.18519592     128.15809631     128.27189636     126.23619843     126.46099854     126.69349670     126.96769714     126.95010376     127.19460297     127.19460297     127.19460297     127.19460297     127.42549896     127.42549896     127.42549896     127.42549896     127.83860016     127.99120331     128.12860107     128.29719543
     128.33450317     128.34460449     128.33230591     128.30329895     128.28970337     128.15490723     128.10539246     128.08009338     128.00090027     128.08399963     128.20829773     125.77770233     125.99900055     126.22949982     126.47889709     126.73609924     126.80300140     127.06220245     127.30699921     127.30699921
     127.30699921     127.30699921     127.69259644     127.69259644     127.69259644     127.69259644     127.94799805     127.94799805     127.94799805     127.94799805     128.08489990     128.16819763     128.21409607     128.23039246     128.22189331     128.19450378     128.18550110     128.11860657     127.97299957     127.96119690
     127.98030090     127.89189911     128.01559448     128.16140747     125.29309845     125.53320312     125.74440002     125.98490143     126.24559784     126.51550293     126.59970093     126.90390015     127.16040039     127.58920288     127.77220154     127.77220154     127.77220154     127.77220154     127.92279816     127.92279816
     127.92279816     127.92279816     128.00939941     128.06500244     128.08889771     128.08580017     128.06190491     127.96810150     127.99579620     127.83090210     127.81829834     127.86239624     127.81999969     127.82109833     127.96949768     128.13720703     124.89240265     125.05439758     125.26840210     125.48149872
     125.72979736     125.99800110     126.27670288     126.40409851     126.82150269     127.09049988     127.36750031     127.56469727     127.72879791     127.72879791     127.72879791     127.72879791     127.82080078     127.82080078     127.82080078     127.82080078     127.88749695     127.92079926     127.92520142     127.89309692
     127.82360077     127.83869934     127.66459656     127.66940308     127.72570038     127.66919708     127.75479889     127.80149841     128.00109863     128.21249390     124.30419922     124.67690277     124.82620239     124.99929810     125.21849823     125.46800232     125.73899841     126.02200317     126.29609680     126.55780029
     126.80130005     127.11599731     127.32669830     127.50450134     127.61930084     127.61930084     127.61930084     127.61930084     127.71379852     127.71379852     127.71379852     127.71379852     127.72820282     127.72899628     127.71829987     127.66519928     127.63159943     127.48079681     127.49389648     127.56939697
     127.49890137     127.49340057     127.63919830     127.80770111     128.01640320     128.24499512     123.67859650     123.77899933     123.90630341     124.08380127     124.29219818     124.53199768     124.79840088     125.08540344     125.38619995     125.75800323     126.03759766     126.25440216     126.56639862     126.84860229
     127.06929779     127.23570251     127.34329987     127.34329987     127.34329987     127.34329987     127.32550049     127.32550049     127.32550049     127.32550049     127.34909821     127.35189819     127.33319855     127.32089996     127.31269836     127.19879913     127.32700348     127.25969696     127.38150024     127.49479675
     127.61930084     127.78780365     128.00830078     128.25570679     123.51049805     123.58029938     123.66000366     123.77919769     123.94869995     124.14810181     124.37909698     124.63690186     124.91539764     125.29199982     125.52770233     125.80410004     126.06999969     126.33950043     126.59470367     126.81710052
     126.94989777     127.03099823     127.09190369     127.09190369     127.09190369     127.09190369     127.14900208     127.14900208     127.14900208     127.14900208     127.17160034     127.18029785     127.18599701     127.19450378     127.12010193     127.10130310     127.14379883     127.20850372     127.29989624     127.43609619
     127.58540344     127.81990051     128.07460022     128.51409912     123.39910126     123.42259979     123.45860291     123.54540253     123.54540253     123.54540253     123.54540253     123.66320038     123.81829834     124.00830078     124.22080231     124.43099976     124.77660370     125.04019928     125.21469879     125.50499725
     125.79309845     126.13449860     126.35410309     126.52439880     126.66960144     126.77439880     126.85130310     126.90489960     126.90489960     126.90489960     126.90489960     126.97799683     126.97799683     126.97799683     126.97799683     127.01159668     127.01159668     127.01159668     127.01159668     127.03510284
     127.03510284     127.03510284     127.03510284     127.06069946     126.99819946     126.99449921     127.05200195     127.12920380     127.23079681     127.35980225     127.52310181     127.72959900     127.96389771     128.52279663     128.90280151     129.22219849     129.74960327     129.75529480     129.95889282     130.29420471
     130.65220642     131.04750061     131.26890564     131.70129395     132.26139832     132.78269958     133.40469360     133.93969727     134.47790527     134.99159241     135.52070618     135.80740356     136.15890503     136.44059753     136.78630066     137.09150696     137.43200684     137.69389343     137.91209412     137.98829651
     137.97909546     137.99470520     138.17030334     138.33149719     138.30830383     138.45790100     138.63549805     138.63079834     138.47880554     138.82800293     123.16179657     123.19270325     123.25679779     123.25679779     123.25679779     123.25679779     123.43430328     123.43430328     123.43430328     123.43430328
     123.43430328     123.43430328     123.43430328     123.54979706     123.67939758     123.86380005     123.99579620     124.29589844     124.51129913     124.75669861     124.96119690     125.24559784     125.53160095     125.75029755     126.05079651     126.21810150     126.35800171     126.50900269     126.60500336     126.68009949
     126.79380035     126.84390259     126.89299774     126.89299774     126.89299774     126.89299774     126.94329834     126.94329834     126.94329834     126.94329834     126.90110016     126.90110016     126.90110016     126.90110016     126.91719818     126.99230194     127.08360291     127.19629669     127.34349823     127.45860291
     127.69080353     127.92269897     128.51489258     128.96310425     129.26269531     129.87139893     129.93690491     130.23269653     130.45759583     130.75270081     131.16070557     131.56350708     132.02980042     132.27000427     132.97659302     133.50469971     134.04589844     134.54449463     135.10249329     135.63400269
     135.94709778     136.24299622     136.52650452     136.87429810     137.18110657     137.55969238     137.81300354     138.00500488     138.07969666     138.04440308     138.03140259     138.18269348     138.32380676     138.69129944     138.39779663     138.57060242     138.51840210     138.36979675     138.81449890     138.97120667
     123.27539825     123.24909973     123.18959808     123.31690216     123.41580200     123.56659698     123.63819885     123.79530334     124.04260254     124.25050354     124.47810364     124.67400360     124.97509766     125.25810242     125.45420074     125.72519684     125.93779755     126.07199860     126.21530151     126.36239624
     126.46350098     126.55120087     126.61380005     126.77210236     126.84860229     126.82749939     126.82749939     126.82749939     126.82749939     126.87400055     126.97059631     127.07769775     127.21369934     127.36000061     127.46759796     127.67729950     127.91760254     128.59260559     128.89619446     129.30490112
     130.01010132     130.04849243     130.36970520     130.68800354     130.88119507     131.22259521     131.65969849     132.08009338     132.28680420     132.99330139     133.56109619     134.10719299     134.60780334     135.16940308     135.70320129     136.04460144     136.28880310     136.70080566     136.93099976     137.23959351
     137.63839722     137.87280273     138.06770325     138.13969421     138.08929443     138.05270386     138.17649841     138.29420471     138.65960693     138.31779480     138.47760010     138.21080017     138.25160217     138.72290039     138.96820068     138.89739990     123.22730255     123.19180298     123.18710327     123.24629974
     123.32910156     123.33249664     123.45749664     123.66639709     123.83000183     123.99759674     124.20469666     124.38420105     124.62359619     124.97940063     125.15450287     125.43409729     125.70719910     125.79129791     125.95680237     126.10569763     126.26270294     126.38279724     126.47619629     126.58830261
     126.78489685     126.79109955     126.79109955     126.79109955     126.79109955     126.90720367     126.90720367     126.90720367     126.90720367     126.98919678     127.12899780     127.26719666     127.42019653     127.52300262     127.72389984     127.94039917     128.62109375     128.92030334     129.34710693     130.10830688
     130.12550354     130.44459534     130.74789429     130.96780396     131.27490234     131.66709900     132.07670593     132.27420044     132.98789978     133.52130127     134.11230469     134.61650085     135.18139648     135.71789551     136.08889771     136.28320312     136.83529663     136.95080566     137.33760071     137.64880371
     137.89030457     138.09109497     138.19200134     138.13209534     138.05690002     138.22909546     138.59010315     138.59049988     138.21989441     138.67480469     138.09320068     138.13090515     138.62460327     138.63969421     138.91180420     139.10560608     123.20300293     123.15200043     123.12920380     123.13980103
     123.12529755     123.18350220     123.27680206     123.47869873     123.61540222     123.78099823     123.87689972     124.06439972     124.31490326     124.58239746     124.82839966     125.06179810     125.29080200     125.51180267     125.69869995     125.87439728     126.04000092     126.21829987     126.43419647     126.57910156
     126.72190094     126.76580048     126.93630219     126.93630219     126.93630219     126.93630219     127.06749725     127.06749725     127.06749725     127.06749725     127.21379852     127.36589813     127.52490234     127.64900208     127.82830048     128.04010010     128.55439758     128.90010071     129.23280334     129.93260193
     130.21659851     130.52709961     130.97079468     131.02510071     131.35020447     131.64599609     131.98629761     132.50540161     133.01339722     133.54550171     134.08659363     134.64190674     135.19990540     135.72500610     136.20260620     136.21960449     136.81619263     137.13569641     137.29350281     137.58720398
     137.83389282     137.96090698     138.35910034     138.36900330     138.10209656     138.49519348     138.56410217     138.48919678     138.07380676     138.50259399     137.99189758     138.05459595     138.33610535     138.59550476     138.87370300     139.13780212     139.32969666     123.19719696     123.13099670     123.09020233
     123.08139801     123.03079987     123.06359863     123.13069916     123.29180145     123.42070007     123.47650146     123.65989685     123.80410004     124.04260254     124.30639648     124.54219818     124.78079987     125.02210236     125.26360321     125.47699738     125.68460083     125.88629913     126.08329773     126.36620331
     126.54969788     126.72899628     126.80819702     127.02770233     127.17690277     127.17690277     127.17690277     127.17690277     127.34220123     127.34220123     127.34220123     127.34220123     127.50650024     127.67269897     127.80079651     127.96459961     128.16239929     128.61720276     128.92790222     129.28250122
     129.94880676     130.25929260     130.71080017     130.94940186     130.95249939     131.20039368     131.57490540     131.86459351     132.37840271     132.87919617     133.40669250     133.87460327     134.44819641     135.05880737     135.58329773     136.06039429     136.10240173     136.75010681     137.11799622     137.20030212
     137.50250244     137.66090393     137.90420532     138.30889893     138.32929993     137.83489990     138.20930481     138.44580078     138.33779907     137.94909668     138.33900452     137.87080383     137.90600586     138.25199890     138.53939819     138.83200073     139.10879517     139.46069336     139.54460144     123.21009827
     123.12960052     123.07160187     122.98239899     122.95839691     122.96610260     123.08219910     123.14080048     123.23439789     123.27709961     123.43869781     123.60279846     123.79679871     124.05529785     124.28440094     124.52880096     124.78289795     125.04419708     125.28510284     125.52580261     125.76509857
     126.00250244     126.31469727     126.55590057     126.77269745     126.91300201     127.16539764     127.38390350     127.53829956     127.53829956     127.53829956     127.53829956     127.71179962     127.71179962     127.71179962     127.71179962     127.88009644     127.99530029     128.13960266     128.32049561     128.69180298
     129.14909363     129.31869507     129.93249512     130.19299316     130.64469910     130.59500122     130.84429932     131.03990173     131.38740540     131.72369385     132.17810059     132.66819763     133.18850708     133.65119934     134.22169495     134.77920532     135.36199951     135.84030151     136.00540161     136.58360291
     136.95120239     137.10400391     137.36770630     137.54730225     137.80020142     138.20039368     138.31919861     138.23539734     138.10389709     138.09559631     138.14289856     138.03039551     137.89410400     137.74519348     137.84269714     138.20199585     138.51719666     138.83200073     139.13079834     139.37260437
     139.66769409     140.10780334     123.24169922     123.14849854     123.07460022     122.95729828     122.91110229     122.89479828     122.99009705     123.01940155     123.08409882     123.08889771     123.24649811     123.39279938     123.61820221     123.83699799     124.08339691     124.36389923     124.63169861     124.86199951
     125.12779999     125.40180206     125.67870331     125.95670319     126.31369781     126.58080292     126.87460327     127.03320312     127.31600189     127.55549622     127.74179840     127.92569733     127.92569733     127.92569733     127.92569733     128.09700012     128.09700012     128.09700012     128.09700012     128.22610474
     128.34140015     128.56440735     128.76899719     129.19520569     129.27850342     129.78059387     129.83630371     130.27200317     130.45739746     130.58450317     130.77600098     131.10119629     131.45300293     131.89709473     132.33880615     132.82319641     133.31359863     133.79060364     134.35229492     134.97009277
     135.42959595     135.78790283     136.34289551     136.70350647     136.92739868     137.17179871     137.38299561     137.65260315     138.16679382     138.26260376     138.09019470     138.02079773     138.03570557     137.79409790     137.68490601     137.42840576     137.71980286     137.84129333     138.17529297     138.55140686
     138.91369629     139.23170471     139.48789978     139.48789978     139.48789978     139.48789978     139.80349731     140.30709839     123.29149628     123.18750000     123.06369781     122.95729828     122.89119720     122.85299683     122.93090057     122.93240356     122.96970367     122.95919800     123.07430267     123.22059631
     123.43550110     123.69080353     123.92449951     124.17970276     124.49230194     124.75379944     125.04229736     125.31469727     125.62799835     125.94519806     126.34359741     126.67310333     126.96929932     127.11370087     127.39910126     127.62930298     127.84549713     128.07359314     128.25979614     128.25979614
     128.25979614     128.25979614     128.25979614     128.25979614     128.25979614     128.42959595     128.42959595     128.42959595     128.42959595     128.57749939     128.75929260     128.75929260     128.75929260     128.75929260     129.05160522     129.17149353     129.62350464     129.73510742     129.69410706     129.94549561
     130.20170593     130.33740234     130.49389648     130.79200745     131.22430420     131.64039612     132.10130310     132.48869324     133.04029846     133.60200500     134.06370544     134.64680481     135.12339783     135.47450256     136.01350403     136.37919617     136.66909790     136.93789673     137.24400330     137.63369751
     137.94050598     137.98510742     137.88070679     137.87789917     137.76480103     137.59809875     137.16419983     137.35330200     137.66369629     137.85740662     138.17990112     138.58030701     138.94099426     139.29220581     139.29220581     139.29220581     139.29220581     139.61489868     139.61489868     139.61489868
     139.61489868     139.61489868     139.61489868     139.61489868     139.92999268     140.43359375     123.35859680     123.24620056     123.10669708     122.98339844     122.90010071     122.84290314     122.90750122     122.88339996     122.89389801     122.84069824     122.96849823     123.11260223     123.34829712     123.53119659
     123.74680328     123.99479675     124.27290344     124.57640076     124.90470123     125.24890137     125.59719849     125.95320129     126.39080048     126.74220276     127.08100128     127.32679749     127.58409882     127.83229828     128.06860352     128.32940674     128.50590515     128.50590515     128.50590515     128.50590515
     128.67430115     128.67430115     128.67430115     128.67430115     128.83000183     128.97300720     128.97300720     128.97300720     128.97300720     128.97300720     128.97300720     128.97300720     128.90409851     128.90409851     128.90409851     128.90409851     129.11590576     129.35960388     129.58500671     129.67930603
     129.78540039     129.87049866     130.20440674     130.42579651     130.61900330     130.91639709     131.27369690     131.69479370     132.17030334     132.67289734     133.20509338     133.64630127     134.18179321     134.71659851     135.13310242     135.63279724     136.01849365     136.38800049     136.81759644     137.00480652
     137.34260559     137.62750244     137.73699951     137.65490723     137.59429932     137.48959351     137.20649719     136.97200012     137.19960022     137.61520386     137.91209412     138.21699524     138.59770203     138.99420166     139.40460205     139.76690674     140.14460754     140.50570679     123.44159698     123.32369995
     123.17230225     123.03540039     122.93849945     122.86579895     122.92160034     122.87390137     122.86450195     122.77709961     122.98239899     123.03520203     123.22560120     123.42919922     123.65950012     123.92819977     124.23429871     124.52310181     124.87270355     125.38860321     125.78929901     126.22910309
     126.62760162     127.02539825     127.40720367     127.63059998     127.97589874     128.30299377     128.45469666     128.67059326     128.84739685     128.89309692     128.89309692     128.89309692     128.89309692     128.96049500     129.12829590     129.12829590     129.12829590     129.12829590     129.12829590     129.12829590
     129.12829590     129.12829590     129.12829590     129.12829590     129.08479309     129.08479309     129.08479309     129.08479309     129.20759583     129.20759583     129.20759583     129.20759583     129.37919617     129.41619873     129.27470398     129.35560608     129.37629700     129.63270569     129.97300720     130.23109436
     130.26870728     130.64039612     131.13209534     131.61099243     132.14320374     132.51820374     133.11399841     133.63560486     134.25070190     134.87229919     135.16520691     135.58030701     135.96769714     136.47019958     136.70869446     136.96000671     137.26080322     137.35960388     137.12800598     137.24969482
     137.24969482     137.24969482     137.24969482     137.13560486     136.90029907     136.94540405     137.16450500     137.16450500     137.16450500     137.16450500     137.16450500     137.16450500     137.16450500     137.61390686     137.61390686     137.61390686     137.61390686     138.00399780     138.23829651     138.65899658
     139.07260132     139.48640442     139.84590149     140.21960449     140.55969238     123.53890228     123.40080261     123.25949860     123.11260223     123.00579834     122.92160034     122.97299957     122.90889740     122.88050079     122.76139832     122.92639923     123.00740051     123.19529724     123.37210083     123.61810303
     123.61810303     123.61810303     123.61810303     123.88760376     124.23619843     124.57790375     124.96279907     125.37500000     125.84130096     126.28659821     126.65720367     127.09799957     127.58930206     127.86409760     128.31440735     128.68380737     128.91180420     129.14169312     129.11570740     129.36070251
     129.36070251     129.36070251     129.36070251     129.16870117     129.16870117     129.16870117     129.16870117     129.19509888     129.19509888     129.19509888     129.19509888     129.51719666     129.51719666     129.51719666     129.51719666     129.51719666     129.51719666     129.51719666     129.33290100     129.33290100
     129.33290100     129.33290100     129.33290100     129.33290100     129.33290100     129.25109863     129.25109863     129.25109863     129.25109863     129.23519897     128.89869690     128.88690186     128.89729309     128.88749695     129.09419250     129.29460144     129.65460205     130.02549744     130.48039246     130.97079468
     131.44509888     132.03430176     132.57789612     133.20320129     133.81109619     134.49729919     134.49729919     134.49729919     134.49729919     134.75109863     135.11410522     135.61340332     135.86669922     136.21330261     136.46189880     136.72889709     136.89320374     136.84300232     136.79089355     136.79089355
     136.79089355     136.79089355     136.79089355     136.79089355     136.79089355     136.66450500     136.66450500     136.66450500     136.66450500     136.38279724     136.71919250     137.19079590     137.19079590     137.19079590     137.19079590     137.48300171     137.48300171     137.48300171     137.48300171     137.48300171
     137.48300171     137.48300171     137.70069885     138.17379761     138.47720337     138.88969421     139.30599976     139.71260071     140.13789368     140.58630371     123.64089966     123.50959778     123.36630249     123.23439789     123.11859894     123.30159760     123.06379700     122.98539734     122.94180298     122.93820190
     122.94650269     122.98519897     123.14109802     123.38099670     123.38099670     123.38099670     123.38099670     123.62860107     123.62860107     123.62860107     123.62860107     123.62860107     123.62860107     123.62860107     123.93609619     124.27089691     124.62840271     125.02330017     125.51450348     125.96499634
     126.23999786     126.70570374     127.17019653     127.61810303     128.11669922     128.59320068     128.99189758     129.26870728     129.52720642     129.71459961     129.76750183     129.63999939     129.63999939     129.63999939     129.63999939     129.55029297     129.49380493     129.49380493     129.49380493     129.49380493
     129.49380493     129.49380493     129.49380493     129.48399353     129.48399353     129.48399353     129.48399353     129.32519531     129.32519531     129.32519531     129.32519531     129.32519531     129.32519531     129.32519531     128.88609314     128.76289368     128.56289673     128.41659546     128.44219971     128.44529724
     128.67370605     128.94419861     129.52079773     130.00799561     130.54240417     131.13009644     131.73840332     132.34500122     132.92869568     133.41900635     133.41900635     133.41900635     133.41900635     133.67030334     133.67030334     133.67030334     133.67030334     133.67030334     133.67030334     133.67030334
     134.32910156     134.32910156     134.32910156     134.32910156     134.32910156     134.32910156     134.32910156     134.60220337     134.94110107     135.22540283     135.55599976     135.87150574     136.19960022     136.35670471     136.59350586     136.37219238     136.43440247     136.36579895     136.36579895     136.36579895
     136.36579895     136.36579895     136.36579895     136.36579895     136.56100464     136.56100464     136.56100464     136.56100464     137.20550537     137.20550537     137.20550537     137.20550537     137.20550537     137.20550537     137.20550537     137.18049622     137.18049622     137.18049622     137.18049622     137.61839294
     138.08560181     138.56219482     139.00360107     139.39140320     139.75579834     140.16580200     140.58720398     123.61280060     123.49050140     123.35849762     123.24289703     123.45929718     123.31569672     122.93599701     122.90660095     122.91690063     122.94200134     123.03510284     123.18139648     123.36319733
     123.69899750     123.96890259     124.30780029     124.66880035     125.10320282     125.53739929     125.99469757     126.38980103     126.76180267     127.21269989     127.71690369     128.12649536     128.67469788     129.23199463     129.52709961     129.80470276     130.28329468     129.94720459     129.91819763     129.91819763
     129.91819763     129.91819763     129.80320740     129.55650330     129.55650330     129.55650330     129.55650330     129.55650330     129.55650330     129.55650330     129.55259705     129.55259705     129.55259705     129.55259705     129.25770569     128.98060608     128.40780640     128.19720459     128.13949585     128.04209900
     127.93720245     128.12869263     128.45750427     129.15280151     129.58360291     130.37730408     130.96359253     131.41259766     131.98710632     132.52720642     133.02450562     133.36279297     133.80009460     133.80009460     133.80009460     133.80009460     134.00750732     134.31410217     134.66969299     135.21929932
     135.47799683     135.77909851     135.97059631     136.29310608     136.29310608     136.29310608     136.29310608     136.29310608     136.29310608     136.29310608     136.30529785     136.30529785     136.30529785     136.30529785     136.16969299     136.16969299     136.16969299     136.16969299     135.90640259     135.90640259
     135.90640259     135.90640259     135.90640259     135.90640259     135.90640259     135.90640259     135.90640259     135.90640259     135.90640259     135.90640259     135.90640259     136.38879395     136.38879395     136.38879395     136.38879395     136.38879395     136.38879395     136.38879395     137.17410278     137.17410278
     137.17410278     137.17410278     137.50650024     137.88139343     137.88139343     137.88139343     137.88139343     137.88139343     137.88139343     137.88139343     138.12179565     138.12179565     138.12179565     138.12179565     138.54249573     138.88209534     139.18409729     139.86189270     140.21730042     140.64019775
     123.60919952     123.27050018     123.17569733     123.10089874     123.23739624     123.06839752     123.03389740     123.04470062     123.04579926     123.09940338     123.23280334     123.42369843     123.70300293     124.05020142     124.36430359     124.77649689     125.18049622     125.61879730     126.01499939     126.50209808
     126.81349945     127.30899811     127.75640106     128.18469238     128.79420471     129.22529602     129.56219482     130.21339417     130.29690552     130.21040344     130.21040344     130.21040344     130.21040344     130.19459534     130.19459534     130.19459534     130.19459534     130.06889343     129.69979858     129.64979553
     129.64979553     129.64979553     129.64979553     129.30690002     129.30690002     129.30690002     129.30690002     129.30690002     129.30690002     129.30690002     128.94219971     128.20230103     127.98300171     127.93219757     127.81109619     127.71739960     127.88680267     127.88680267     127.88680267     127.88680267
     128.15249634     128.15249634     128.15249634     128.15249634     128.90109253     128.90109253     128.90109253     128.90109253     129.40989685     130.14050293     130.71789551     131.37570190     131.89799500     132.37030029     132.75810242     133.20419312     133.63850403     133.76359558     133.97560120     134.28480530
     134.87330627     135.26620483     135.64930725     136.01589966     136.17520142     136.17520142     136.17520142     136.17520142     136.17520142     136.17520142     136.17520142     136.16639709     136.16639709     136.16639709     136.16639709     136.03450012     136.03450012     136.03450012     136.03450012     136.03450012
     136.03450012     136.03450012     135.92979431     135.92979431     135.92979431     135.92979431     135.92979431     135.92979431     135.92979431     135.92979431     135.92979431     135.92979431     136.59959412     136.59959412     136.59959412     136.59959412     136.59959412     136.59959412     136.59959412     136.59959412
     136.59959412     136.59959412     136.59959412     136.59959412     136.59959412     137.37179565     137.37179565     137.37179565     137.37179565     137.37179565     137.37179565     137.37179565     137.56129456     137.86779785     137.86779785     137.86779785     137.86779785     138.52279663     138.90809631     139.33470154
     139.59509277     139.98350525     140.26899719     140.63369751     123.38960266     123.31770325     123.24800110     123.41300201     123.32679749     123.20369720     123.14749908     123.18689728     123.21549988     123.34249878     123.52629852     123.80799866     124.08300018     124.50579834     124.79799652     125.21520233
     125.58679962     126.04769897     126.53170013     126.90380096     127.40940094     127.91079712     128.39450073     128.92869568     129.38059998     129.86839294     130.10749817     130.40190125     130.33340454     130.33340454     130.33340454     130.33340454     130.30050659     130.30050659     130.30050659     130.30050659
     130.14070129     130.14070129     130.14070129     130.14070129     129.72030640     129.23530579     129.04939270     129.04939270     129.04939270     129.04939270     129.05419922     128.37600708     128.07640076     127.67739868     127.67739868     127.67739868     127.67739868     127.67759705     127.68659973     127.68659973
     127.68659973     127.68659973     127.68060303     127.68060303     127.68060303     127.68060303     127.81970215     127.81970215     127.81970215     127.81970215     128.72639465     128.72639465     128.72639465     128.72639465     128.72639465     128.72639465     128.72639465     129.14079285     129.82060242     130.45179749
     131.10729980     131.78439331     132.30960083     132.77650452     132.77650452     132.77650452     132.77650452     133.14759827     133.14759827     133.14759827     133.14759827     133.14759827     133.14759827     133.14759827     133.58990479     133.80200195     134.07809448     134.40080261     134.76269531     135.12229919
     135.54879761     136.04249573     136.18969727     136.18969727     136.18969727     136.18969727     136.22360229     136.44340515     136.44340515     136.44340515     136.44340515     136.44340515     136.44340515     136.44340515     136.80149841     136.80149841     136.80149841     136.80149841     136.80149841     136.80149841
     136.80149841     137.21839905     137.21839905     137.21839905     137.21839905     137.56030273     138.07629395     138.32229614     138.75070190     139.12390137     139.39779663     139.61340332     140.22929382     140.48559570     140.99510193     123.45390320     123.40840149     123.60389709     123.52179718     123.42639923
     123.30490112     123.33390045     123.36460114     123.48739624     123.66560364     123.94879913     124.24749756     124.56639862     124.91239929     125.25330353     125.69180298     126.14440155     126.61090088     126.92700195     127.42590332     127.92890167     128.43049622     128.98829651     129.44009399     129.84880066
     130.07110596     130.29049683     130.38619995     130.57249451     130.40170288     130.40170288     130.40170288     130.40170288     129.49929810     129.49929810     129.49929810     129.49929810     129.34109497     129.34109497     129.34109497     129.34109497     129.20500183     129.20500183     129.20500183     129.20500183
     129.14709473     129.14709473     129.14709473     129.14709473     128.42759705     128.42759705     128.42759705     128.42759705     128.15899658     128.15899658     128.15899658     128.15899658     127.73280334     127.73280334     127.73280334     127.73280334     127.73280334     127.73280334     127.73280334     127.74819946
     127.74819946     127.74819946     127.74819946     127.72820282     127.72820282     127.72820282     127.72820282     127.75520325     127.75520325     127.75520325     127.75520325     127.84349823     127.84349823     127.84349823     127.84349823     128.36019897     128.36019897     128.36019897     128.36019897     129.11599731
     129.83140564     130.28039551     130.91160583     131.60420227     132.24960327     132.43899536     133.31190491     133.31190491     133.31190491     133.31190491     133.67019653     133.92280579     134.34469604     134.77499390     135.12190247     135.32279968     135.60249329     136.05209351     136.49630737     136.49630737
     136.49630737     136.49630737     136.49630737     136.49630737     136.49630737     136.67739868     136.67739868     136.67739868     136.67739868     136.66459656     136.66459656     136.66459656     136.66459656     136.66459656     136.66459656     136.66459656     137.11459351     137.11459351     137.11459351     137.11459351
     137.52490234     137.52490234     137.52490234     137.52490234     137.52490234     137.52490234     137.52490234     137.63949585     137.63949585     137.63949585     137.63949585     138.32839966     138.72340393     138.95770264     139.46339417     139.87300110     140.14210510     140.45269775     140.76739502     140.80960083
     123.56060028     123.80249786     123.67890167     123.61289978     123.71710205     123.70739746     123.74169922     123.92459869     124.03199768     124.19229889     124.41870117     124.90019989     125.10700226     125.43229675     125.80709839     126.16649628     126.60949707     126.97740173     127.41590118     127.94650269
     128.42039490     128.70930481     129.13549805     129.52330017     129.84199524     130.06410217     130.36779785     130.57139587     130.17959595     129.94000244     129.51809692     129.33399963     128.88560486     128.48249817     128.25140381     128.22799683     127.94149780     127.82990265     128.03390503     128.03390503
     128.03390503     128.03390503     128.02040100     128.02040100     128.02040100     128.02040100     128.49530029     128.49530029     128.49530029     128.49530029     129.22799683     129.22799683     129.22799683     129.22799683     129.66949463     130.40499878     130.95159912     131.67359924     132.23519897     132.74339294
     132.74339294     132.74339294     132.74339294     132.74339294     132.74339294     132.74339294     133.54150391     133.54150391     133.54150391     133.54150391     133.91470337     134.16180420     134.55230713     134.93530273     135.35429382     135.67630005     136.08549500     136.22689819     136.44990540     136.44990540
     136.44990540     136.44990540     136.60049438     136.59700012     136.59700012     136.59700012     136.59700012     137.13830566     137.37910461     137.79800415     138.03619385     138.53199768     138.86050415     139.25439453     139.68510437     140.03669739     140.51359558     140.84399414     141.04919434     124.00160217
     123.86029816     123.80410004     123.91660309     123.91359711     124.07579803     124.13449860     124.26200104     124.38520050     124.65859985     125.05030060     125.24500275     125.54910278     125.82150269     126.23059845     126.68240356     126.79250336     127.38179779     127.81220245     128.18769836     128.60069275
     129.05400085     129.43710327     129.78779602     130.06759644     130.22450256     130.69569397     130.35090637     130.17909241     129.75720215     129.61050415     129.33529663     128.75219727     128.54229736     128.53349304     128.53349304     128.53349304     128.53349304     128.33880615     128.16409302     128.32620239
     128.30619812     128.69270325     128.69270325     128.69270325     128.69270325     129.38009644     129.38009644     129.38009644     129.38009644     129.87919617     130.49719238     131.12469482     131.87710571     132.49679565     133.18389893     133.18389893     133.18389893     133.18389893     133.80540466     134.45570374
     134.61320496     134.91920471     135.41749573     135.62649536     135.97140503     136.29269409     136.34469604     136.36090088     136.49189758     136.59860229     137.29100037     137.27189636     137.51930237     138.12480164     138.32220459     138.79550171     139.13130188     139.53579712     139.94119263     140.28019714
     140.74870300     141.11669922     124.01889801     123.99189758     123.98410034     124.12190247     124.28919983     124.37280273     124.47869873     124.52590179     124.84210205     125.20529938     125.39520264     125.56030273     125.77729797     126.02829742     126.31099701     126.62879944     126.96540070     127.15709686
     127.53639984     128.10020447     128.55110168     129.27720642     129.69279480     130.08779907     130.40280151     130.60130310     130.51319885     130.33439636     130.11279297     129.97300720     130.04969788     129.52369690     129.31669617     129.31669617     129.31669617     129.31669617     128.90699768     128.90699768
     128.90699768     128.90699768     128.90699768     128.90699768     128.90699768     128.74789429     128.48100281     128.54190063     128.52990723     128.52990723     128.52990723     128.52990723     129.17190552     129.17190552     129.17190552     129.17190552     129.48190308     130.10279846     130.77200317     131.59979248
     132.23899841     132.89630127     133.45190430     133.99279785     133.99279785     133.99279785     133.99279785     134.63400269     134.89840698     135.22259521     135.62840271     135.99760437     136.50030518     136.25320435     136.26870728     136.48280334     136.49349976     137.00840759     137.26060486     137.38349915
     137.59649658     138.06680298     138.25889587     138.68029785     138.94470215     139.30419922     139.68800354     139.98530579     140.38009644     140.87319946     124.16570282     124.19699860     124.32389832     124.51519775     124.58779907     124.69730377     124.80349731     125.02890015     125.36360168     125.43399811
     125.58429718     125.77050018     125.99230194     126.24949646     126.51879883     126.69419861     127.04290009     127.44719696     128.04229736     128.50140381     128.97799683     129.67539978     130.11779785     130.38529968     130.78259277     130.80619812     130.75579834     130.56770325     130.50869751     130.54170227
     130.12939453     129.77890015     129.46400452     129.27239990     128.98410034     129.05039978     129.02119446     129.02119446     129.02119446     129.02119446     129.54530334     129.54530334     129.54530334     129.54530334     129.70739746     130.44279480     131.12159729     131.83210754     132.45140076     133.13630676
     133.70979309     133.70979309     133.70979309     133.70979309     134.31190491     134.31190491     134.31190491     134.31190491     134.31190491     134.31190491     134.31190491     134.85189819     135.06759644     135.55349731     135.90629578     136.31950378     136.66580200     136.58129883     136.76480103     136.66279602
     136.55769348     136.97970581     137.16430664     137.37109375     137.63150024     137.95129395     138.27949524     138.51750183     138.89750671     139.26010132     139.64700317     139.94929504     140.46760559     140.83329773     124.34519958     124.54049683     124.73220062     124.82199860     124.80410004     124.99269867
     125.21589661     125.52529907     125.52529907     125.52529907     125.52529907     125.48400116     125.48400116     125.48400116     125.48400116     125.48400116     125.48400116     125.48400116     125.60929871     125.77030182     125.96849823     126.20580292     126.47650146     126.61080170     127.00769806     127.40080261
     127.99590302     128.51960754     128.98280334     129.50289917     130.09750366     130.52160645     131.01190186     131.13870239     131.10380554     131.13490295     131.10699463     131.08610535     130.66670227     130.45649719     130.14630127     129.94419861     129.62640381     129.67649841     129.59550476     129.59550476
     129.59550476     129.59550476     129.59550476     129.59550476     129.59550476     129.93609619     129.93609619     129.93609619     129.93609619     130.10890198     130.67990112     131.39540100     132.10549927     132.30130005     133.13439941     134.14320374     134.47529602     134.81640625     135.11619568     135.39509583
     136.01919556     136.40609741     136.92089844     137.04460144     137.11979675     136.81700134     136.89270020     137.08859253     137.25450134     137.35519409     137.64520264     137.87879944     138.15890503     138.49510193     138.76829529     139.20159912     139.58900452     139.89759827     140.40280151     140.77290344
     124.68419647     124.88770294     124.99259949     125.12640381     125.17630005     125.49479675     125.43460083     125.53520203     125.53520203     125.53520203     125.53520203     125.64189911     125.78440094     125.96579742     126.06220245     126.31390381     126.63809967     126.99269867     127.42520142     128.01939392
     128.57350159     129.16670227     129.64579773     130.15589905     130.66140747     131.09519958     131.53340149     131.63679504     131.72149658     131.72889709     131.89140320     131.83749390     131.52879333     131.14419556     130.25929260     130.25929260     130.25929260     130.25929260     130.18310547     130.18310547
     130.18310547     130.18310547     130.18310547     130.18310547     130.18310547     130.37049866     130.18330383     130.18330383     130.18330383     130.18330383     130.57159424     130.57159424     130.57159424     130.57159424     130.82609558     131.18580627     131.56610107     132.16459656     132.85409546     133.52659607
     134.27729797     134.64360046     134.84019470     135.20089722     135.46279907     136.20550537     136.54409790     136.92840576     137.41979980     137.44279480     136.94610596     136.67210388     136.95159912     137.20779419     137.26879883     137.63839722     137.88220215     138.24240112     138.72090149     138.99549866
     139.33799744     139.63409424     139.72019958     140.07870483     140.69290161     125.01899719     125.14309692     125.29290009     125.46690369     125.42929840     125.47399902     125.58170319     125.68060303     125.81569672     125.91940308     126.11900330     126.39350128     126.70099640     127.06649780     127.49009705
     128.06599426     128.76350403     129.31530762     129.81300354     130.37030029     131.01640320     131.60290527     132.17439270     132.31829834     132.53930664     132.62240601     132.68060303     132.52180481     132.28909302     131.58949280     131.19459534     130.89410400     130.89410400     130.89410400     130.89410400
     131.10800171     130.96119690     130.95289612     130.95289612     130.95289612     130.95289612     131.32170105     131.32170105     131.32170105     131.32170105     131.32170105     131.32170105     131.32170105     131.76820374     131.76820374     131.76820374     131.76820374     132.11830139     132.42039490     132.42039490
     132.42039490     132.42039490     132.99259949     133.46510315     134.38549805     134.27949524     134.27949524     134.27949524     134.27949524     134.64019775     134.64019775     134.64019775     134.64019775     134.89570618     135.01989746     135.77929688     135.77929688     135.77929688     135.77929688     136.45770264
     136.45770264     136.45770264     136.45770264     136.45770264     136.45770264     136.45770264     136.97560120     137.57049561     137.57049561     137.57049561     137.57049561     137.02589417     136.62469482     136.75750732     137.10580444     137.42070007     137.26449585     137.57240295     137.82929993     138.19270325
     138.61169434     138.92579651     139.20979309     139.52389526     139.63220215     139.97250366     140.59559631     125.24330139     125.44020081     125.53690338     125.54519653     125.57599640     125.70159912     125.76670074     125.85990143     125.99500275     126.20529938     126.50090027     126.80159760     127.19439697
     127.65370178     128.23080444     128.87919617     129.66380310     130.30830383     130.88420105     131.55560303     132.00669861     132.83779907     133.06210327     133.28370667     133.43350220     133.40640259     133.27079773     132.99009705     132.51750183     132.07530212     131.90820312     131.41520691     131.41520691
     131.41520691     131.41520691     131.45660400     131.24319458     131.24319458     131.24319458     131.24319458     131.24319458     131.24319458     131.24319458     131.68060303     131.68060303     131.68060303     131.68060303     131.68060303     131.68060303     131.68060303     132.14619446     132.14619446     132.14619446
     132.14619446     132.55499268     132.55499268     132.55499268     132.55499268     132.74040222     132.74040222     132.74040222     132.74040222     132.74040222     132.74040222     132.74040222     133.03950500     133.33309937     133.61050415     133.61050415     133.61050415     133.61050415     133.81320190     133.81320190
     133.81320190     133.81320190     133.81320190     133.81320190     133.81320190     134.16079712     134.16079712     134.16079712     134.16079712     134.16079712     134.16079712     134.16079712     134.73649597     134.73649597     134.73649597     134.73649597     134.61770630     134.61770630     134.61770630     134.61770630
     135.05290222     135.05290222     135.05290222     135.05290222     135.22979736     135.22979736     135.22979736     135.22979736     135.89660645     135.79260254     135.79260254     135.79260254     135.79260254     135.79260254     135.79260254     135.79260254     136.03770447     136.03770447     136.03770447     136.03770447
     136.46620178     137.09460449     137.05630493     137.05630493     137.05630493     137.05630493     137.44970703     137.44970703     137.44970703     137.44970703     137.53970337     137.53970337     137.53970337     137.53970337     137.61689758     137.61689758     137.61689758     137.61689758     138.28950500     138.28950500
     138.28950500     138.28950500     138.52369690     138.52369690     138.52369690     138.52369690     139.02389526     139.02389526     139.02389526     139.02389526     139.27990723     139.27990723     139.27990723     139.27990723     139.28149414     139.28149414     139.28149414     139.28149414     139.48750305     139.60409546
     139.67509460     140.21839905     125.57240295     125.56400299     125.58840179     125.63619995     125.79900360     125.87670135     125.99089813     126.17430115     126.38829803     126.67829895     127.09780121     127.43139648     127.95870209     128.59339905     129.44580078     130.10549927     130.80020142     131.38980103
     132.12309265     132.65139771     133.28120422     133.78230286     134.07640076     134.21429443     134.12849426     134.06059265     133.77890015     133.27569580     132.88220215     132.40460205     132.40460205     132.40460205     132.40460205     132.09719849     132.09719849     132.09719849     132.09719849     132.09719849
     132.09719849     132.09719849     131.60969543     131.78990173     131.78990173     131.78990173     131.78990173     131.92260742     131.92260742     131.92260742     131.92260742     132.30630493     132.30630493     132.30630493     132.30630493     132.30630493     132.30630493     132.30630493     132.66520691     132.66520691
     132.66520691     132.66520691     132.89619446     133.18890381     133.44079590     133.53190613     133.53190613     133.53190613     133.53190613     133.63720703     133.63720703     133.63720703     133.63720703     133.63720703     133.63720703     133.63720703     134.07989502     134.07989502     134.07989502     134.07989502
     134.07989502     134.07989502     134.07989502     133.89689636     133.89689636     133.89689636     133.89689636     133.89689636     133.89689636     133.89689636     133.89689636     133.89689636     133.89689636     133.98609924     133.98609924     133.98609924     133.98609924     133.98609924     133.98609924     133.98609924
     133.98550415     133.98550415     133.98550415     133.98550415     133.98550415     133.98550415     133.98550415     133.98550415     133.98550415     133.98550415     134.81460571     134.81460571     134.81460571     134.81460571     135.25149536     135.67919922     135.67919922     135.67919922     135.67919922     135.89199829
     135.89199829     135.89199829     135.89199829     136.38110352     136.38110352     136.38110352     136.38110352     136.78840637     136.78840637     136.78840637     136.78840637     137.25160217     137.25160217     137.25160217     137.25160217     137.65910339     137.87789917     138.29170227     138.37559509     138.82710266
     139.14019775     139.14019775     139.14019775     139.14019775     139.11279297     139.11279297     139.11279297     139.11279297     139.30909729     139.30909729     139.30909729     139.30909729     139.46539307     139.46539307     139.46539307     139.46539307     139.53089905     139.57910156     139.95019531     125.58090210
     125.62750244     125.70120239     125.89869690     126.00749969     126.17929840     126.37680054     126.62680054     127.00070190     127.37650299     127.81929779     128.32949829     128.91299438     129.93150330     130.69580078     131.47599792     132.20790100     132.79359436     133.34500122     134.09089661     134.63349915
     134.83439636     134.98789978     134.76719666     134.64419556     134.63729858     134.00970459     133.63079834     133.27020264     132.52389526     131.95199585     131.95199585     131.95199585     131.95199585     131.95199585     131.95199585     131.95199585     132.17829895     132.17829895     132.17829895     132.17829895
     132.17829895     132.17829895     132.17829895     132.16999817     132.16999817     132.16999817     132.16999817     132.46800232     132.46800232     132.46800232     132.46800232     132.77499390     133.10569763     133.34429932     133.68760681     133.43310547     133.43310547     133.43310547     133.43310547     133.43310547
     133.43310547     133.43310547     133.77149963     133.77149963     133.77149963     133.77149963     133.77639771     133.77639771     133.77639771     133.77639771     133.77639771     133.77639771     133.77639771     133.40960693     133.40960693     133.40960693     133.40960693     133.37449646     134.21290588     134.21290588
     134.21290588     134.21290588     134.64570618     134.64570618     134.64570618     134.64570618     134.95489502     134.95489502     134.95489502     134.95489502     135.36950684     135.36950684     135.36950684     135.36950684     135.75950623     136.16279602     136.53190613     136.97129822     137.31320190     137.62989807
     138.05839539     138.59700012     138.97479248     139.19819641     139.29760742     139.44149780     139.51679993     139.51679993     139.51679993     139.51679993     139.52619934     139.52619934     139.52619934     139.52619934     139.56050110     139.89019775     125.67099762     125.77500153     126.01190186     126.18560028
     126.38110352     126.62319946     126.98069763     127.23909760     127.67739868     128.19039917     128.77670288     129.40330505     130.29699707     131.04890442     131.81019592     132.88499451     133.56979370     134.34930420     134.63600159     135.09269714     135.30090332     135.45280457     135.39669800     134.86109924
     134.54829407     133.99349976     133.60180664     133.27259827     132.92559814     132.92559814     132.92559814     132.92559814     132.92559814     132.92559814     132.92559814     132.41589355     132.41589355     132.41589355     132.41589355     132.41589355     132.41589355     132.41589355     132.41589355     132.41589355
     132.41589355     132.03610229     132.03610229     132.03610229     132.03610229     132.03610229     132.03610229     132.03610229     131.86500549     131.86500549     131.86500549     131.86500549     132.11959839     132.11959839     132.11959839     132.11959839     132.11959839     132.11959839     132.11959839     132.30130005
     132.33329773     132.51159668     132.60629272     132.67970276     133.13819885     133.75219727     133.75219727     133.75219727     133.75219727     133.75219727     133.75219727     133.75219727     133.87879944     133.87879944     133.87879944     133.87879944     134.30589294     134.06260681     134.06260681     134.06260681
     134.06260681     133.98649597     133.98649597     133.98649597     133.98649597     134.72940063     135.39930725     135.64450073     136.35249329     136.79580688     137.70660400     137.89729309     138.23129272     138.65420532     138.80479431     139.05780029     139.20219421     139.27549744     139.25799561     139.38900757
     139.50129700     139.50129700     139.50129700     139.50129700     139.56430054     139.56430054     139.56430054     139.56430054     139.56520081     139.56520081     125.88659668     126.16159821     126.37509918     126.63130188     126.94380188     127.33830261     127.60189819     128.07699585     128.62510681     129.24479675
     130.15969849     130.88929749     131.74209595     132.24429321     132.97189331     133.72639465     134.56919861     134.69309998     135.16560364     135.33549500     135.46330261     135.33610535     135.14129639     134.81219482     134.42860413     133.92680359     133.32679749     132.94599915     132.94599915     132.94599915
     132.94599915     132.48510742     132.48510742     132.48510742     132.48510742     132.25120544     132.25120544     132.25120544     132.25120544     132.19349670     132.40640259     132.37190247     132.43339539     132.47039795     132.56590271     132.69990540     133.01939392     133.54379272     133.82409668     133.76519775
     134.28640747     134.28640747     134.28640747     134.28640747     133.80070496     134.31970215     135.49420166     135.93829346     136.68930054     137.10719299     137.89210510     138.19880676     138.67759705     139.10060120     139.35470581     139.45910645     139.53309631     139.55650330     139.56039429     139.56109619
     139.61349487     139.60949707     139.58410645     126.31839752     126.57920074     126.89540100     127.30460358     127.68659973     128.03059387     128.56149292     129.16299438     129.83299255     130.74079895     131.61849976     132.22610474     132.91540527     133.73399353     134.46830750     135.03120422     135.41589355
     135.79060364     135.94129944     136.03750610     135.93110657     135.72079468     135.37890625     135.13139343     134.60099792     134.05160522     133.74440002     133.11109924     132.79589844     132.79589844     132.79589844     132.79589844     132.47090149     132.29229736     132.65420532     132.68620300     132.81289673
     132.91299438     133.09480286     133.61940002     133.74639893     134.24189758     134.08689880     134.08689880     134.08689880     134.08689880     134.13240051     134.13240051     134.13240051     134.13240051     134.07249451     134.58760071     135.65699768     136.52760315     137.24189758     137.65060425     138.19560242
     138.85409546     139.33000183     139.80979919     139.96589661     139.98249817     140.04130554     139.93859863     139.89630127     139.80419922     139.68659973     139.72160339     139.70829773     126.80870056     127.16940308     127.62259674     128.05949402     128.50010681     129.08889771     129.74519348     130.44590759
     131.23219299     132.15139771     132.91439819     133.78630066     134.56979370     135.13710022     135.70730591     136.02239990     136.37550354     136.56030273     136.69270325     136.59959412     136.24650574     135.90580750     135.78450012     135.31430054     134.73010254     134.33850098     133.40089417     133.33830261
     133.33830261     133.33830261     133.33830261     133.26800537     133.26800537     133.26800537     133.26800537     132.92829895     133.05909729     133.25880432     133.37109375     133.48669434     133.66960144     133.66960144     133.66960144     133.66960144     134.07809448     134.07809448     134.07809448     134.07809448
     134.19949341     134.19949341     134.19949341     134.19949341     134.33110046     134.33110046     134.33110046     134.33110046     134.64920044     134.64920044     134.64920044     134.64920044     134.54949951     134.60800171     135.23869324     136.35980225     137.21530151     137.92199707     138.34100342     138.96139526
     139.59570312     140.06880188     140.49710083     140.65130615     140.59219360     140.57420349     140.53210449     140.39709473     140.15170288     140.03950500     139.81390381     139.81590271     127.47769928     127.97840118     128.48089600     128.96870422     129.61340332     130.34539795     131.15719604     132.12919617
     132.97439575     133.87210083     134.64039612     135.29080200     135.90809631     136.45179749     136.77330017     137.06140137     137.22760010     137.34979248     137.27369690     136.95370483     136.63780212     136.55969238     136.08230591     135.51280212     134.98080444     134.13220215     134.21549988     133.80990601
     133.80990601     133.80990601     133.80990601     133.79879761     133.79879761     133.79879761     133.79879761     133.88900757     133.98910522     134.03970337     134.03970337     134.03970337     134.03970337     134.22909546     134.22909546     134.22909546     134.22909546     134.45520020     134.45520020     134.45520020
     134.45520020     134.58430481     134.82080078     135.11700439     135.43440247     135.66160583     135.96420288     136.34989929     137.35769653     137.98880005     138.83419800     139.22290039     139.85220337     140.44509888     140.86549377     141.27780151     141.41479492     141.27999878     141.21119690     141.06759644
     140.88310242     140.66180420     140.38569641     128.34559631     128.81069946     129.46830750     130.21110535     131.01080322     131.85949707     132.88870239     133.85330200     134.63670349     135.36839294     136.05749512     136.66200256     137.18409729     137.49699402     137.80499268     137.90460205     138.08740234
     137.92730713     137.64010620     137.29589844     137.27270508     136.90370178     136.37359619     135.99690247     135.24929810     134.58999634     134.73759460     134.71139526     134.71139526     134.71139526     134.71139526     134.84620667     134.84620667     134.84620667     134.84620667     134.71260071     134.71260071
     134.71260071     134.71260071     134.89059448     134.89059448     134.89059448     134.89059448     135.12879944     135.35119629     135.29890442     135.78469849     136.08799744     136.27789307     136.60209656     136.84120178     137.13290405     138.32679749     139.00900269     139.54870605     140.17129517     140.83099365
     141.43960571     141.82049561     142.07659912     142.17140198     142.04139709     141.88729858     141.68190002     141.42759705     129.30169678     130.07170105     130.80709839     131.58200073     132.39039612     133.71029663     134.57769775     135.38699341     136.14320374     136.82670593     137.40209961     137.92329407
     138.30630493     138.56399536     138.70309448     138.66259766     138.56230164     138.30029297     138.03630066     138.14520264     137.87109375     137.25309753     136.35240173     136.08369446     135.45480347     135.75720215     135.77009583     135.71220398     135.79939270     135.84840393     136.05749512     136.24090576
     136.16610718     136.66380310     136.59840393     136.67390442     137.13760376     137.11199951     137.35169983     139.02360535     139.95280457     140.39430237     140.98049927     141.66830444     142.15589905     142.52119446     142.90730286     143.20829773     142.77470398     142.58470154     130.62210083     131.37229919
     132.17300415     133.49440002     134.36349487     135.21220398     136.02130127     136.77470398     137.45449829     138.03759766     138.55920410     138.94340515     139.18569946     139.33430481     139.37939453     139.29299927     139.08389282     138.90390015     138.96899414     138.74609375     138.02659607     137.42089844
     137.25379944     136.72760010     137.09280396     136.97300720     136.93809509     137.02430725     137.08050537     137.10789490     137.32870483     137.28649902     137.55479431     137.46960449     137.39779663     138.06080627     138.45939636     138.56930542     140.13429260     141.09719849     141.79119873     142.07969666
     142.79710388     143.19590759     143.39370728     143.64880371     143.81910706     132.10490417     132.95779419     133.73989868     134.93550110     135.77969360     136.58399963     137.33149719     138.00639343     138.61680603     139.04679871     139.42689514     139.76649475     139.98970032     140.06460571     140.11790466
     139.94859314     139.76539612     139.48970032     139.27000427     138.90040588     138.46910095     138.16889954     138.12260437     138.53880310     138.43919373     138.38279724     138.43550110     138.40879822     138.45910645     138.54049683     138.53649902     138.66729736     138.58309937     138.82589722     139.21000671
     139.64549255     139.69729614     141.22219849     142.10499573     142.76049805     143.35789490     143.70970154     144.09910583     133.46200562     134.21459961     135.42269897     136.25669861     137.04980469     137.78689575     138.45390320     139.08160400     139.56309509     139.97889709     140.33079529     140.58859253
     140.78329468     140.85690308     140.77890015     140.62969971     140.44160461     140.13279724     139.93290710     139.60429382     139.41859436     139.43840027     139.93969727     139.78880310     139.73010254     139.74319458     139.69749451     139.81100464     139.84320068     139.72039795     139.80270386     139.72770691
     139.95869446     140.35270691     140.72639465     140.82269287     134.63389587     135.81440735     136.63209534     137.51119995     138.22839355     138.87899780     139.43609619     139.97680664     140.43879700     140.80520630     141.10479736     141.36860657     141.46609497     141.53779602     141.45179749     141.27040100
     136.19819641     136.95989990     137.72430420     138.43850708     139.09199524     139.69430542     140.34350586     140.79780579     141.27670288     141.61650085     141.82339478     141.95199585     142.11360168     136.71189880     137.49569702     138.31350708     139.24940491     139.83569336     140.72810364     141.18879700
     141.60980225     141.91090393     142.14219666
