     122.49839783     122.79149628     123.06030273     122.84690094     123.14749908     123.14749908     123.14749908     123.14749908     123.44239807     124.12339783     124.34729767     124.57160187     124.72949982     124.85639954     124.98120117     125.03389740     125.06880188     125.05799866     125.01239777     124.94809723
     124.85749817     124.78639984     124.78800201     121.95870209     122.23069763     122.51090240     122.84819794     122.70970154     123.03089905     123.03089905     123.03089905     123.03089905     123.34429932     123.34429932     123.34429932     123.34429932     123.99259949     124.25939941     124.45790100     124.65950012
     124.77739716     124.85839844     124.90440369     124.91780090     124.91040039     124.81600189     124.73760223     124.66369629     124.54509735     124.54329681     124.54389954     121.38860321     121.66239929     121.94139862     122.24780273     122.56890106     122.55100250     122.89219666     123.22350311     123.22350311
     123.22350311     123.22350311     123.86959839     123.86959839     123.86959839     123.86959839     124.15570068     124.15570068     124.15570068     124.15570068     124.35720062     124.51809692     124.63710022     124.71530151     124.75520325     124.76039886     124.74479675     124.67099762     124.52580261     124.46219635
     124.39109802     124.29989624     124.30500031     124.32209778     120.81340027     121.07399750     121.33640289     121.63580322     121.96420288     122.30760193     122.33049774     122.73030090     123.07869720     123.72129822     123.97509766     123.97509766     123.97509766     123.97509766     124.18789673     124.18789673
     124.18789673     124.18789673     124.35530090     124.47630310     124.55259705     124.58789825     124.58689880     124.51959991     124.48490143     124.31710052     124.24770355     124.19259644     124.11990356     124.07460022     124.09739685     124.13050079     120.27110291     120.49449921     120.72100067     120.99870300
     121.31900024     121.66609955     122.02880096     122.12480164     122.59510040     122.98459625     123.50050354     123.77050018     123.99549866     123.99549866     123.99549866     123.99549866     124.17040253     124.17040253     124.17040253     124.17040253     124.29440308     124.37059784     124.40360260     124.38379669
     124.33020020     124.28890228     124.10749817     124.07009888     124.01899719     123.95330048     123.94480133     123.92960358     124.01809692     124.09600067     119.47319794     119.96920013     120.13590240     120.36889648     120.66320038     120.99690247     121.35800171     121.73509979     121.97350311     122.35299683
     122.71810150     123.25350189     123.54010010     123.77870178     123.94480133     123.94480133     123.94480133     123.94480133     124.08499908     124.08499908     124.08499908     124.08499908     124.16870117     124.18879700     124.18319702     124.13420105     124.07649994     123.90049744     123.86889648     123.83010101
     123.75170135     123.70359802     123.74600220     123.80159760     123.90160370     123.98999786     118.80950165     118.93409729     119.08840179     119.29949951     119.56369781     119.87290192     120.21929932     120.59500122     120.99240112     121.36689758     121.77670288     122.17530060     122.66110229     123.04429626
     123.33740234     123.57170105     123.71970367     123.71970367     123.71970367     123.71970367     123.78630066     123.78630066     123.78630066     123.78630066     123.82900238     123.83719635     123.81259918     123.77480316     123.72489929     123.61049652     123.62020111     123.52890015     123.55339813     123.57189941
     123.59739685     123.68409729     123.76550293     123.85829926     118.60099792     118.66560364     118.74349976     118.89369965     119.09999847     119.36190033     119.66790009     120.01039886     120.39389801     120.84909821     121.13870239     121.54830170     121.95439911     122.41809845     122.77330017     123.11789703
     123.33139801     123.46060181     123.54930115     123.54930115     123.54930115     123.54930115     123.60440063     123.60440063     123.60440063     123.60440063     123.62280273     123.61239624     123.58850098     123.55490112     123.45310211     123.43569946     123.42060089     123.41690063     123.42980194     123.46430206
     123.53890228     123.63099670     123.73490143     123.83480072     118.53839874     118.51789856     118.50070190     118.58029938     118.58029938     118.58029938     118.58029938     118.71959686     118.91979980     119.17040253     119.46769714     119.78829956     120.20200348     120.57839966     120.87519836     121.27919769
     121.68260193     122.16190338     122.50160217     122.79479980     123.03019714     123.18000031     123.28549957     123.35440063     123.35440063     123.35440063     123.35440063     123.40200043     123.40200043     123.40200043     123.40200043     123.41359711     123.41359711     123.41359711     123.41359711     123.41120148
     123.41120148     123.41120148     123.41120148     123.40019989     123.32230377     123.33129883     123.34329987     123.36299896     123.39630127     123.44390106     123.52739716     123.61900330     123.72470093     123.89199829     124.09539795     124.28610229     124.55390167     124.61810303     124.83039856     125.10189819
     125.42839813     125.79920197     126.15010071     126.60140228     127.18630219     127.74539948     128.38459778     129.00680542     129.64639282     130.28210449     130.90820312     131.28939819     131.75059509     132.08500671     132.42100525     132.70770264     132.98840332     133.23829651     133.45790100     133.64120483
     133.89709473     134.11869812     134.50549316     134.91929626     135.17570496     135.63920593     136.06210327     136.66610718     136.74049377     136.80230713     118.28410339     118.25229645     118.26460266     118.26460266     118.26460266     118.26460266     118.45099640     118.45099640     118.45099640     118.45099640
     118.45099640     118.45099640     118.45099640     118.58660126     118.73359680     118.98139954     119.24949646     119.60430145     119.93080139     120.28389740     120.59439850     120.98459625     121.37709808     121.70570374     122.12139893     122.41269684     122.64399719     122.86000061     122.99310303     123.09100342
     123.17420197     123.21199799     123.24259949     123.24259949     123.24259949     123.24259949     123.26409912     123.26409912     123.26409912     123.26409912     123.21880341     123.21880341     123.21880341     123.21880341     123.25800323     123.29979706     123.34510040     123.40070343     123.47599792     123.55480194
     123.66770172     123.78330231     123.95020294     124.21379852     124.39640045     124.70099640     124.76619720     125.00340271     125.23069763     125.50430298     125.87640381     126.28780365     126.80439758     127.21459961     127.89089966     128.49049377     129.11970520     129.74290466     130.39729309     131.02439880
     131.43960571     131.89010620     132.21560669     132.53599548     132.80659485     133.11010742     133.34660339     133.55020142     133.69410706     133.98010254     134.16780090     134.54220581     134.94900513     135.54040527     135.61979675     136.04609680     136.71440125     136.77929688     136.87789917     137.13569641
     118.35810089     118.28910065     118.22260284     118.31359863     118.43199921     118.62550354     118.80149841     119.04060364     119.35749817     119.65630341     119.98030090     120.23179626     120.66410065     121.04090118     121.33049774     121.68219757     122.04720306     122.26969910     122.47989655     122.68609619
     122.82170105     122.92990112     123.02999878     123.09179688     123.14969635     123.14070129     123.14070129     123.14070129     123.14070129     123.21779633     123.29270172     123.36489868     123.45359802     123.54149628     123.63330078     123.75479889     123.87999725     124.08589935     124.28140259     124.52890015
     124.88089752     124.89720154     125.11319733     125.37799835     125.59320068     125.94460297     126.38680267     126.86280060     127.25520325     127.91770172     128.56030273     129.19320679     129.81610107     130.47200012     131.09959412     131.55189514     131.99749756     132.37660217     132.61570740     132.87049866
     133.19090271     133.40130615     133.60369873     133.73640442     134.04299927     134.20390320     134.56570435     134.96429443     135.56599426     135.58389282     136.02749634     136.58070374     136.79229736     136.86199951     137.22300720     137.72700500     118.34750366     118.27839661     118.25479889     118.32559967
     118.37460327     118.47489929     118.65290070     118.90309906     119.14179993     119.38980103     119.67729950     119.89710236     120.23229980     120.68350220     120.93160248     121.28119659     121.61550140     121.88529968     122.12699890     122.33950043     122.55529785     122.70989990     122.86139679     122.97630310
     123.06690216     123.09889984     123.09889984     123.09889984     123.09889984     123.23000336     123.23000336     123.23000336     123.23000336     123.32450104     123.43789673     123.53730011     123.64240265     123.74810028     123.87930298     124.01039886     124.20999908     124.41239929     124.67230225     125.04170227
     125.01090240     125.22149658     125.46479797     125.70999908     126.02169800     126.42109680     126.88559723     127.26329803     127.93379974     128.53399658     129.21189880     129.83329773     130.48829651     131.11500549     131.60299683     132.03970337     132.48820496     132.63870239     132.91949463     133.19639587
     133.40939331     133.61759949     133.78860474     133.99719238     134.22000122     134.69290161     135.17880249     135.56809998     135.53080750     136.20039368     136.59530640     136.77200317     136.85519409     137.46240234     137.78370667     137.99940491     118.37069702     118.29309845     118.25540161     118.29139709
     118.30549622     118.38079834     118.50150299     118.73500061     118.92939758     119.15779877     119.36889648     119.55609894     119.86319733     120.18689728     120.51789856     120.83989716     121.15650177     121.51309967     121.79199982     122.05049896     122.28700256     122.52919769     122.71790314     122.88490295
     123.03479767     123.11430359     123.26860046     123.26860046     123.26860046     123.26860046     123.41149902     123.41149902     123.41149902     123.41149902     123.53579712     123.65630341     123.77429962     123.91400146     124.06839752     124.22769928     124.32460022     124.55529785     124.65769958     124.98509979
     125.13410187     125.31670380     125.59290314     125.80740356     126.12889862     126.44950104     126.84619904     127.38400269     127.94400024     128.54469299     129.17320251     129.84750366     130.49409485     131.10740662     131.66160583     131.99819946     132.49009705     132.74789429     132.84809875     133.10409546
     133.32710266     133.49099731     134.00489807     134.27059937     134.31370544     134.90690613     135.24389648     135.55329895     135.45759583     136.10470581     136.60069275     136.77549744     137.09060669     137.42840576     137.74229431     138.01570129     138.18899536     118.41539764     118.32839966     118.27539825
     118.29730225     118.27600098     118.31400299     118.39289856     118.56230164     118.73269653     118.89980316     119.11620331     119.22850037     119.49839783     119.80200195     120.11389923     120.43360138     120.76100159     121.14379883     121.45909882     121.76329803     122.05229950     122.32309723     122.60009766
     122.82409668     123.02770233     123.15499878     123.36609650     123.52429962     123.52429962     123.52429962     123.52429962     123.66680145     123.66680145     123.66680145     123.66680145     123.80010223     123.93199921     124.08070374     124.22519684     124.39170074     124.48500061     124.70400238     124.78489685
     125.10040283     125.24340057     125.45790100     125.63089752     125.79560089     126.02259827     126.39969635     126.77020264     127.29380035     127.83920288     128.42779541     129.01190186     129.65629578     130.35119629     130.95390320     131.49560547     131.84919739     132.39120483     132.68089294     132.69140625
     132.96479797     133.12820435     133.39729309     133.95539856     134.24339294     134.08070374     134.63250732     135.19929504     135.48460388     135.36929321     136.01840210     136.51489258     136.57820129     136.96960449     137.31770325     137.65130615     137.94970703     138.06500244     138.39489746     118.47789764
     118.38130188     118.31259918     118.30100250     118.26640320     118.26799774     118.37349701     118.43530273     118.53820038     118.67389679     118.84339905     118.96330261     119.15440369     119.43399811     119.72899628     120.04769897     120.38760376     120.79489899     121.14779663     121.49880219     121.84159851
     122.17060089     122.48359680     122.79380035     123.05319977     123.25229645     123.50730133     123.71379852     123.85099792     123.85099792     123.85099792     123.85099792     123.98880005     123.98880005     123.98880005     123.98880005     124.12329865     124.25939941     124.38870239     124.56130219     124.65239716
     124.91809845     124.90209961     125.17199707     125.30860138     125.48100281     125.49199677     125.69740295     125.93319702     126.27670288     126.66950226     127.13510132     127.65989685     128.23120117     128.80140686     129.43020630     130.05180359     130.70429993     131.23399353     131.64309692     132.16470337
     132.45199585     132.46040344     132.74620056     132.94160461     133.24200439     133.83760071     134.19790649     134.48269653     134.56629944     134.82479858     135.36129761     135.92630005     136.11920166     136.34570312     136.40209961     136.79739380     137.15710449     137.51499939     137.84590149     138.12690735
     138.42489624     138.79179382     118.55519867     118.44950104     118.36589813     118.34020233     118.27719879     118.24430084     118.31960297     118.33489990     118.38359833     118.45539856     118.59040070     118.66490173     118.88939667     119.09420013     119.38800049     119.72540283     120.09459686     120.47669983
     120.86589813     121.26309967     121.65879822     122.04530334     122.41840363     122.76760101     123.13259888     123.35919952     123.65509796     123.88150024     124.03730011     124.17430115     124.17430115     124.17430115     124.17430115     124.30349731     124.30349731     124.30349731     124.30349731     124.44090271
     124.54799652     124.74819946     124.81629944     125.02619934     124.96679688     125.18879700     125.11360168     125.21749878     125.38150024     125.55599976     125.77169800     126.08180237     126.45880127     126.92590332     127.39980316     127.94149780     128.50540161     128.99659729     129.59959412     130.21080017
     130.78880310     131.34669495     131.77639771     132.05169678     132.15010071     132.42210388     132.67720032     133.04359436     133.84150696     134.20469666     134.40910339     134.56129456     134.88110352     135.12869263     135.79820251     136.05430603     136.05180359     136.17419434     136.57429504     136.97129822
     137.36210632     137.75680542     138.03039551     138.03039551     138.03039551     138.03039551     138.34880066     138.79440308     118.64510345     118.53150177     118.43560028     118.39790344     118.30960083     118.24549866     118.29450226     118.26650238     118.26899719     118.29360199     118.36150360     118.40480042
     118.59559631     118.84239960     119.13110352     119.41130066     119.79969788     120.23190308     120.66190338     121.06159973     121.50659943     121.94719696     122.37729645     122.82080078     123.19879913     123.46589661     123.78900146     124.01959991     124.19259644     124.34030151     124.45629883     124.45629883
     124.45629883     124.45629883     124.45629883     124.45629883     124.45629883     124.59709930     124.59709930     124.59709930     124.59709930     124.70919800     124.87439728     124.87439728     124.87439728     124.87439728     125.01860046     125.02570343     125.20200348     125.26059723     125.03730011     125.16089630
     125.27960205     125.41349792     125.57900238     125.84480286     126.21430206     126.64920044     127.12270355     127.60279846     128.17469788     128.76190186     129.21719360     129.79249573     130.29760742     130.86109924     131.30189514     131.62570190     131.79350281     132.13259888     132.49769592     133.07240295
     133.60459900     133.95469666     134.15960693     134.41439819     134.57460022     134.87420654     135.44200134     135.78739929     135.74949646     135.89340210     136.28970337     136.70109558     137.13020325     137.53439331     137.53439331     137.53439331     137.53439331     137.90350342     137.90350342     137.90350342
     137.90350342     137.90350342     137.90350342     137.90350342     138.23480225     138.70509338     118.74600220     118.62619781     118.51930237     118.47460175     118.36479950     118.27420044     118.30180359     118.23560333     118.19170380     118.16609955     118.20970154     118.19999695     118.39040375     118.58000183
     118.84010315     119.16999817     119.55840302     119.95989990     120.41809845     120.93630219     121.42169952     121.90709686     122.41560364     122.87480164     123.30339813     123.62049866     123.97380066     124.21440125     124.39279938     124.54799652     124.65830231     124.65830231     124.65830231     124.65830231
     124.76740265     124.76740265     124.76740265     124.76740265     124.86340332     124.98509979     124.98509979     124.98509979     124.98509979     124.98509979     124.98509979     124.98509979     125.01760101     125.01760101     125.01760101     125.01760101     125.04840088     125.20429993     125.22669983     125.20580292
     125.18560028     125.18419647     125.30190277     125.43979645     125.61519623     125.88729858     126.27660370     126.71209717     127.21219635     127.75070190     128.31610107     128.74530029     129.28120422     129.78199768     130.29200745     130.74209595     131.08790588     131.34219360     131.80720520     132.13810730
     132.73210144     133.21780396     133.70509338     133.89500427     134.12370300     134.37510681     134.72129822     135.01690674     135.29519653     135.37300110     135.56030273     135.94659424     136.35290527     136.79400635     137.26089478     137.71359253     138.14649963     138.54809570     118.85630035     118.73269653
     118.61840057     118.57060242     118.44409943     118.33249664     118.34510040     118.24369812     118.17009735     118.10620117     118.15100098     118.06680298     118.18360138     118.37500000     118.63210297     118.97470093     119.38670349     119.82109833     120.30359650     120.84220123     121.36509705     121.92549896
     122.44419861     122.94879913     123.42389679     123.73239899     124.17099762     124.47570038     124.65830231     124.80419922     124.91889954     124.94539642     124.94539642     124.94539642     124.94539642     124.95369720     125.08940125     125.08940125     125.08940125     125.08940125     125.08940125     125.08940125
     125.08940125     125.08940125     125.08940125     125.08940125     125.13469696     125.13469696     125.13469696     125.13469696     125.13130188     125.13130188     125.13130188     125.13130188     125.19360352     125.15920258     124.98860168     125.00250244     124.92990112     124.98500061     125.13980103     125.31330109
     125.47389984     125.82589722     126.27069855     126.70520020     127.23280334     127.60900116     128.19960022     128.77220154     129.26100159     129.76960754     130.08889771     130.46530151     130.85600281     131.32260132     131.71299744     132.25160217     132.78739929     133.28059387     133.40930176     133.70309448
     133.70309448     133.70309448     133.70309448     133.92210388     134.05290222     134.40530396     134.56410217     134.56410217     134.56410217     134.56410217     134.56410217     134.56410217     134.56410217     134.85279846     134.85279846     134.85279846     134.85279846     135.17990112     135.48039246     135.91990662
     136.40319824     136.91040039     137.41799927     137.90060425     138.33740234     118.97470093     118.87270355     118.73229980     118.68569946     118.54799652     118.42179871     118.42459869     118.30329895     118.20420074     118.11090088     118.11329651     118.01390076     118.10759735     118.24549866     118.50360107
     118.50360107     118.50360107     118.50360107     118.85559845     119.28549957     119.73040009     120.22540283     120.74700165     121.32060242     121.86820221     122.38400269     122.92250061     123.46769714     123.83619690     124.33080292     124.64070129     124.84059906     124.98049927     125.03220367     125.10569763
     125.10569763     125.10569763     125.10569763     124.99099731     124.99099731     124.99099731     124.99099731     125.10939789     125.10939789     125.10939789     125.10939789     125.29180145     125.29180145     125.29180145     125.29180145     125.29180145     125.29180145     125.29180145     125.25990295     125.25990295
     125.25990295     125.25990295     125.25990295     125.25990295     125.25990295     125.18979645     125.18979645     125.18979645     125.18979645     125.06909943     124.81230164     124.76820374     124.61460114     124.47979736     124.57250214     124.71209717     125.00710297     125.29470062     125.66519928     126.02220154
     126.53589630     127.06529999     127.61100006     128.15820312     128.68550110     129.23210144     129.23210144     129.23210144     129.23210144     129.46060181     129.77360535     130.25950623     130.71080017     131.21429443     131.70280457     132.25729370     132.75669861     132.86779785     133.16029358     133.16029358
     133.16029358     133.16029358     133.16029358     133.16029358     133.16029358     133.30329895     133.30329895     133.30329895     133.30329895     133.44639587     133.71760559     133.86320496     133.86320496     133.86320496     133.86320496     134.20599365     134.20599365     134.20599365     134.20599365     134.20599365
     134.20599365     134.20599365     134.40559387     134.88729858     135.27189636     135.80790710     136.37390137     136.86149597     137.47940063     138.09449768     119.12519836     119.00140381     118.86029816     118.72360229     118.59369659     118.74649811     118.54669952     118.41110229     118.29620361     118.20809937
     118.17019653     118.02279663     118.10030365     118.25689697     118.25689697     118.25689697     118.25689697     118.48850250     118.48850250     118.48850250     118.48850250     118.48850250     118.48850250     118.48850250     118.85810089     119.28289795     119.73220062     120.22229767     120.84079742     121.37419891
     121.68879700     122.29299927     122.83599854     123.35510254     123.88760376     124.32479858     124.67109680     124.89260101     125.05599976     125.18779755     125.34839630     125.39649963     125.39649963     125.39649963     125.39649963     125.50679779     125.48799896     125.48799896     125.48799896     125.48799896
     125.48799896     125.48799896     125.48799896     125.52700043     125.52700043     125.52700043     125.52700043     125.42649841     125.42649841     125.42649841     125.42649841     125.42649841     125.42649841     125.42649841     125.18569946     124.88880157     124.62149811     124.46820068     124.33779907     124.16529846
     124.25340271     124.40830231     124.89379883     125.31259918     125.79979706     126.34539795     126.90229797     127.43979645     127.93129730     128.39990234     128.39990234     128.39990234     128.39990234     128.51249695     128.51249695     128.51249695     128.51249695     128.51249695     128.51249695     128.51249695
     128.75399780     128.75399780     128.75399780     128.75399780     128.75399780     128.75399780     128.75399780     128.94009399     129.30870056     129.80780029     130.31799316     130.88279724     131.46359253     131.90730286     132.30380249     132.42590332     132.70570374     132.72000122     132.72000122     132.72000122
     132.72000122     132.72000122     132.72000122     132.72000122     132.82980347     132.82980347     132.82980347     132.82980347     133.01570129     133.01570129     133.01570129     133.01570129     133.01570129     133.01570129     133.01570129     133.09399414     133.09399414     133.09399414     133.09399414     133.48410034
     133.94529724     134.57159424     135.20440674     135.84060669     136.56880188     137.26840210     137.92559814     119.11869812     119.00070190     118.86560059     118.73770142     118.91770172     118.75279999     118.18910217     118.11990356     118.07949829     118.10910034     118.13529968     118.21540070     118.35910034
     118.66690063     118.96350098     119.35639954     119.80719757     120.30539703     120.79010010     121.29329681     121.74759674     122.25319672     122.77570343     123.33010101     123.78829956     124.27639771     124.75350189     125.04409790     125.28230286     125.45469666     125.54180145     125.71089935     125.71089935
     125.71089935     125.71089935     125.82399750     125.72699738     125.72699738     125.72699738     125.72699738     125.72699738     125.72699738     125.72699738     125.83319855     125.83319855     125.83319855     125.83319855     125.68370056     125.46910095     124.99150085     124.61479950     124.30840302     124.05909729
     123.71379852     123.74800110     123.92179871     124.52349854     124.88009644     125.65019989     126.22049713     126.52169800     127.04109955     127.49669647     127.88880157     128.00270081     128.12010193     128.12010193     128.12010193     128.12010193     128.23480225     128.63679504     129.04870605     129.79600525
     130.36480713     130.78999329     131.25140381     131.57200623     131.57200623     131.57200623     131.57200623     131.57200623     131.57200623     131.57200623     131.70339966     131.70339966     131.70339966     131.70339966     131.89329529     131.89329529     131.89329529     131.89329529     131.60490417     131.60490417
     131.60490417     131.60490417     131.60490417     131.60490417     131.60490417     131.60490417     131.60490417     131.60490417     131.60490417     131.60490417     131.60490417     131.74049377     131.74049377     131.74049377     131.74049377     131.74049377     131.74049377     131.74049377     132.34419250     132.34419250
     132.34419250     132.34419250     132.58389282     132.90690613     132.90690613     132.90690613     132.90690613     132.90690613     132.90690613     132.90690613     133.29570007     133.29570007     133.29570007     133.29570007     133.93139648     134.63479614     135.31289673     136.31559753     137.04890442     137.76960754
     119.13120270     118.46360016     118.38050079     118.30899811     118.45390320     118.34369659     118.28099823     118.25620270     118.28489685     118.32460022     118.40280151     118.54949951     118.78610229     119.15779877     119.50070190     119.97669983     120.40360260     120.85659790     121.27110291     121.77220154
     122.21199799     122.75070190     123.23509979     123.68890381     124.21070099     124.58039856     124.89959717     125.33630371     125.57879639     125.73840332     125.73840332     125.73840332     125.73840332     125.94840240     125.94840240     125.94840240     125.94840240     126.11900330     126.03849792     126.19640350
     126.19640350     126.19640350     126.19640350     125.99800110     125.99800110     125.99800110     125.99800110     125.99800110     125.99800110     125.99800110     125.66449738     125.06379700     124.60500336     124.23020172     123.90979767     123.54319763     123.51210022     123.51210022     123.51210022     123.51210022
     123.58650208     123.58650208     123.58650208     123.58650208     124.23480225     124.23480225     124.23480225     124.23480225     124.65930176     125.37429810     125.94339752     126.62550354     127.10019684     127.44480133     127.65910339     127.66190338     127.74819946     127.75800323     127.99819946     128.45770264
     129.22639465     129.91090393     130.41200256     130.82080078     131.21150208     131.21150208     131.21150208     131.21150208     131.21150208     131.21150208     131.21150208     131.36770630     131.36770630     131.36770630     131.36770630     131.54370117     131.54370117     131.54370117     131.54370117     131.54370117
     131.54370117     131.54370117     131.28469849     131.28469849     131.28469849     131.28469849     131.28469849     131.28469849     131.28469849     131.28469849     131.28469849     131.28469849     131.33859253     131.33859253     131.33859253     131.33859253     131.33859253     131.33859253     131.33859253     131.33859253
     131.33859253     131.33859253     131.33859253     131.33859253     131.33859253     131.91949463     131.91949463     131.91949463     131.91949463     131.91949463     131.91949463     131.91949463     131.80729675     132.36419678     132.36419678     132.36419678     132.36419678     133.23779297     133.95289612     134.71119690
     135.42860413     136.19360352     136.92829895     137.61450195     118.57089996     118.51210022     118.45149994     118.62799835     118.54920197     118.48780060     118.48249817     118.50859833     118.55220032     118.64350128     118.79769897     119.03420258     119.31690216     119.76869965     120.07949829     120.49359894
     120.87030029     121.32910156     121.81300354     122.24610138     122.75450134     123.25540161     123.72869873     124.18139648     124.55750275     124.89649963     125.16410065     125.60900116     125.83989716     125.83989716     125.83989716     125.83989716     126.15720367     126.15720367     126.15720367     126.15720367
     126.38310242     126.38310242     126.38310242     126.38310242     126.32240295     126.26809692     126.11199951     126.11199951     126.11199951     126.11199951     125.88710022     125.22019958     124.73410034     124.11859894     124.11859894     124.11859894     124.11859894     123.77960205     123.53369904     123.53369904
     123.53369904     123.53369904     123.29039764     123.29039764     123.29039764     123.29039764     123.27519989     123.27519989     123.27519989     123.27519989     123.89399719     123.89399719     123.89399719     123.89399719     123.89399719     123.89399719     123.89399719     124.33339691     125.01399994     125.56520081
     126.18650055     126.87989807     127.20169830     127.47440338     127.47440338     127.47440338     127.47440338     127.50150299     127.50150299     127.50150299     127.50150299     127.50150299     127.50150299     127.50150299     127.58100128     127.70939636     128.05180359     128.63330078     129.11639404     129.69039917
     130.31469727     130.97250366     131.45300293     131.45300293     131.45300293     131.45300293     131.63169861     132.02969360     132.02969360     132.02969360     132.02969360     132.02969360     132.02969360     132.02969360     132.13299561     132.13299561     132.13299561     132.13299561     132.13299561     132.13299561
     132.13299561     132.25559998     132.25559998     132.25559998     132.25559998     132.42320251     132.51359558     132.68119812     133.21620178     133.87399292     134.63510132     135.35539246     136.32369995     137.07719421     137.80690002     118.63619995     118.60340118     118.81479645     118.75250244     118.75550079
     118.70690155     118.72630310     118.81449890     118.92120361     119.08450317     119.32270050     119.63490295     119.95300293     120.30329895     120.62110138     121.01879883     121.43280029     121.87049866     122.21060181     122.69529724     123.17510223     123.63439941     124.10070038     124.49859619     124.85189819
     125.21970367     125.55650330     125.94879913     126.35540009     126.65830231     126.65830231     126.65830231     126.65830231     126.39099884     126.39099884     126.39099884     126.39099884     126.49680328     126.49680328     126.49680328     126.49680328     126.36289978     126.36289978     126.36289978     126.36289978
     126.14630127     126.14630127     126.14630127     126.14630127     125.42160034     125.42160034     125.42160034     125.42160034     124.88289642     124.88289642     124.88289642     124.88289642     124.25630188     124.25630188     124.25630188     124.25630188     124.25630188     124.25630188     124.25630188     123.88990021
     123.88990021     123.88990021     123.88990021     123.61430359     123.61430359     123.61430359     123.61430359     123.38300323     123.38300323     123.38300323     123.38300323     123.32589722     123.32589722     123.32589722     123.32589722     123.65129852     123.65129852     123.65129852     123.65129852     124.26619720
     124.99669647     125.34960175     125.74459839     126.31549835     126.71880341     127.09220123     127.59470367     127.59470367     127.59470367     127.59470367     127.70749664     127.86070251     128.44279480     129.06680298     129.69079590     130.00979614     130.43089294     131.20199585     131.73710632     131.73710632
     131.73710632     131.73710632     131.73710632     131.73710632     131.73710632     132.24670410     132.24670410     132.24670410     132.24670410     132.54820251     132.54820251     132.54820251     132.54820251     132.54820251     132.54820251     132.54820251     132.84370422     132.84370422     132.84370422     132.84370422
     133.14399719     133.14399719     133.14399719     133.14399719     133.14399719     133.14399719     133.14399719     132.92100525     132.92100525     132.92100525     132.92100525     133.11979675     133.36639404     133.57650757     134.43159485     135.13240051     135.83740234     136.02830505     137.21719360     137.86270142
     118.74420166     119.00409698     119.01200104     118.97290039     119.04029846     119.06410217     119.13230133     119.41649628     119.54630280     119.75630188     119.98699951     120.43479919     120.61569977     120.88880157     121.18129730     121.52079773     121.88659668     122.25099945     122.66339874     123.10579681
     123.55470276     123.92749786     124.32099915     124.76339722     125.16979980     125.56330109     126.04160309     126.51879883     126.63220215     126.80719757     126.75209808     126.61940002     126.26989746     125.72360229     125.12950134     124.67030334     124.14189911     123.81659698     123.62049866     123.62049866
     123.62049866     123.62049866     123.58080292     123.58080292     123.58080292     123.58080292     123.81770325     123.81770325     123.81770325     123.81770325     124.43669891     124.43669891     124.43669891     124.43669891     124.74060059     125.47640228     125.82070160     126.39640045     127.05000305     127.41040039
     127.41040039     127.41040039     127.41040039     127.41040039     127.41040039     127.41040039     127.90080261     127.90080261     127.90080261     127.90080261     128.09539795     128.32580566     128.90080261     129.46040344     130.25219727     130.70210266     131.09370422     131.40969849     131.92779541     131.92779541
     131.92779541     131.92779541     132.42860413     132.60440063     132.60440063     132.60440063     132.60440063     133.12980652     133.26840210     133.36070251     133.45770264     133.70509338     134.18780518     134.85409546     135.53280640     136.19180298     136.68130493     137.32099915     138.10960388     119.30429840
     119.20099640     119.18460083     119.27570343     119.32340240     119.62270355     119.71959686     119.89479828     120.07299805     120.35949707     120.71569824     120.87999725     121.11049652     121.33979797     121.62830353     121.96140289     122.09919739     122.61350250     123.01110077     123.40119934     123.79389954
     124.29350281     124.75969696     125.22480011     125.70359802     126.10710144     126.83090210     126.93869781     127.18499756     127.14739990     127.04170227     126.60620117     126.18979645     125.59439850     125.15460205     125.15460205     125.15460205     125.15460205     124.68650055     124.31320190     124.04720306
     123.95549774     124.11519623     124.11519623     124.11519623     124.11519623     124.70670319     124.70670319     124.70670319     124.70670319     125.17160034     125.66799927     126.05560303     126.80030060     127.29450226     127.75550079     127.75550079     127.75550079     127.75550079     128.22790527     128.88319397
     129.18400574     129.60099792     130.52529907     130.91389465     131.33709717     131.64019775     131.85820007     132.20820618     132.48869324     132.68980408     133.44369507     133.47940063     133.50480652     133.74659729     133.92500305     134.43859863     135.04879761     135.66510010     136.31910706     136.83639526
     137.49719238     138.06520081     119.35929871     119.37799835     119.42169952     119.56459808     119.88619995     120.03040314     120.18939972     120.36509705     120.64849854     120.98239899     121.13960266     121.28549957     121.41519928     121.56809998     121.75389862     122.00009918     122.28179932     122.50939941
     122.88430023     123.39279938     123.91280365     124.67230225     125.26129913     125.89360046     126.48580170     126.95469666     127.24310303     127.52230072     127.64800262     127.55139923     127.39089966     127.02249908     126.46420288     126.46420288     126.46420288     126.46420288     125.84999847     125.84999847
     125.84999847     125.84999847     125.84999847     125.84999847     125.84999847     125.39070129     124.93039703     124.60520172     124.43360138     124.43360138     124.43360138     124.43360138     124.73400116     124.73400116     124.73400116     124.73400116     124.95079803     125.49140167     125.98300171     126.68039703
     127.11959839     127.62809753     128.06159973     128.58670044     128.58670044     128.58670044     128.58670044     129.36590576     129.68469238     130.25900269     131.24440002     131.66929626     132.36860657     132.18559265     132.27659607     132.65480042     132.64770508     133.14059448     133.62989807     133.90370178
     133.79849243     134.03889465     134.18679810     134.58279419     135.08450317     135.62010193     136.21949768     136.77099609     137.39300537     138.07069397     119.47509766     119.57129669     119.77439880     120.13580322     120.27390289     120.44779968     120.67420197     120.90570068     121.22180176     121.34040070
     121.40969849     121.48739624     121.58889771     121.72709656     121.91100311     122.09400177     122.39779663     122.79989624     123.31950378     123.85639954     124.48960114     125.37550354     126.08640289     126.61949921     127.31950378     127.72519684     128.10290527     128.31590271     128.37260437     128.19839478
     127.83290100     127.37490082     126.81469727     126.30590057     125.77390289     125.38890076     125.11289978     125.11289978     125.11289978     125.11289978     125.16629791     125.16629791     125.16629791     125.16629791     125.22899628     126.03720093     126.48860168     126.98079681     127.32849884     127.88999939
     128.43840027     128.43840027     128.43840027     128.43840027     129.01840210     129.01840210     129.01840210     129.01840210     129.01840210     129.01840210     129.01840210     129.88839722     130.12550354     130.88560486     131.79780579     132.53320312     132.98669434     132.86999512     133.08459473     133.06170654
     132.89160156     133.20970154     133.54330444     134.04339600     134.00219727     134.19140625     134.41059875     134.92520142     135.32119751     135.82699585     136.38679504     136.95869446     137.61489868     138.16789246     119.69730377     119.92600250     120.29979706     120.46769714     120.65059662     120.87570190
     121.11479950     121.40940094     121.40940094     121.40940094     121.40940094     121.46070099     121.46070099     121.46070099     121.46070099     121.46070099     121.46070099     121.46070099     121.49060059     121.52850342     121.59069824     121.69170380     121.80819702     121.98500061     122.32289886     122.71910095
     123.26280212     123.85389709     124.54280090     125.31500244     126.26470184     126.91829681     127.73320007     128.24450684     128.71310425     129.04100037     129.24920654     129.14660645     128.82440186     128.42300415     127.91459656     127.39279938     126.79250336     126.33660126     125.89669800     125.89669800
     125.89669800     125.89669800     125.89669800     125.89669800     125.89669800     125.79579926     125.79579926     125.79579926     125.79579926     125.62909698     126.41570282     126.85399628     127.32649994     127.50839996     128.09599304     128.93350220     129.47470093     130.17630005     130.43330383     130.95140076
     132.07350159     132.68780518     133.46870422     133.54220581     133.62640381     133.30960083     133.20269775     133.40960693     133.69410706     133.93620300     134.15409851     134.33619690     134.57490540     135.10249329     135.55329895     135.99270630     136.51939392     137.08859253     137.69560242     138.20730591
     120.02780151     120.39969635     120.58450317     120.79660034     121.01679993     121.36299896     121.42680359     121.50209808     121.50209808     121.50209808     121.50209808     121.51869965     121.53639984     121.57489777     121.60040283     121.72730255     121.93460083     122.22920227     122.66979980     123.24019623
     123.88580322     124.75240326     125.56479645     126.41670227     127.20429993     128.01400757     128.79170227     129.41279602     129.88180542     130.13270569     130.25990295     130.11180115     129.66329956     129.16400146     128.30610657     128.30610657     128.30610657     128.30610657     127.82669830     127.82669830
     127.82669830     127.82669830     127.82669830     127.82669830     127.82669830     127.30870056     126.77200317     126.77200317     126.77200317     126.77200317     126.77860260     126.77860260     126.77860260     126.77860260     126.44730377     126.68779755     126.86820221     127.36889648     127.86090088     128.44209290
     129.07629395     129.64179993     130.22230530     130.43659973     130.97830200     132.15010071     132.66600037     133.43110657     133.84159851     133.92970276     133.38459778     133.26719666     133.54249573     133.87969971     134.11380005     134.21020508     134.56219482     134.92889404     135.39480591     135.87379456
     136.32229614     136.70759583     137.14570618     137.64900208     138.19799805     120.45439911     120.64320374     120.86990356     121.11309814     121.33599854     121.40190125     121.48699951     121.50610352     121.52239990     121.53209686     121.58280182     121.71630096     121.90630341     122.19799805     122.61209869
     123.22989655     124.07779694     124.89129639     125.76249695     126.67579651     127.60710144     128.56820679     129.44000244     130.08770752     130.66540527     131.10980225     131.22279358     131.05960083     130.79119873     129.93569946     129.29640198     128.50180054     128.50180054     128.50180054     128.50180054
     128.35499573     127.71309662     127.35690308     127.35690308     127.35690308     127.35690308     127.19049835     127.19049835     127.19049835     127.19049835     127.19049835     127.19049835     127.19049835     127.28919983     127.28919983     127.28919983     127.28919983     127.50000000     127.87439728     127.87439728
     127.87439728     127.87439728     128.01370239     128.44039917     129.26010132     129.56500244     129.56500244     129.56500244     129.56500244     129.94810486     129.94810486     129.94810486     129.94810486     130.08299255     130.40620422     131.19580078     131.19580078     131.19580078     131.19580078     132.35240173
     132.35240173     132.35240173     132.35240173     132.35240173     132.35240173     132.35240173     133.27890015     133.98159790     133.98159790     133.98159790     133.98159790     133.66079712     133.17269897     133.31739807     133.72189331     133.99409485     134.17599487     134.39669800     134.68159485     135.06149292
     135.47680664     135.95449829     136.34539795     136.72540283     137.17089844     137.63330078     138.14979553     120.58319855     120.90399933     121.13960266     121.23580170     121.32369995     121.47619629     121.48729706     121.50279999     121.53009796     121.59719849     121.70110321     121.86360168     122.15830231
     122.58969879     123.18440247     124.04840088     125.05650330     126.04900360     127.05519867     128.08099365     129.07890320     130.04930115     130.77099609     131.42840576     131.85780334     131.97689819     131.91979980     131.45509338     130.80250549     129.90919495     129.28840637     128.43539429     128.43539429
     128.43539429     128.43539429     127.91269684     127.41690063     127.41690063     127.41690063     127.41690063     127.41690063     127.41690063     127.41690063     127.55670166     127.55670166     127.55670166     127.55670166     127.55670166     127.55670166     127.55670166     127.90650177     127.90650177     127.90650177
     127.90650177     128.08369446     128.08369446     128.08369446     128.08369446     128.20489502     128.20489502     128.20489502     128.20489502     128.20489502     128.20489502     128.20489502     128.41920471     128.66659546     128.92030334     128.92030334     128.92030334     128.92030334     128.95660400     128.95660400
     128.95660400     128.95660400     128.95660400     128.95660400     128.95660400     129.10180664     129.10180664     129.10180664     129.10180664     129.10180664     129.10180664     129.10180664     129.42370605     129.42370605     129.42370605     129.42370605     129.54719543     129.54719543     129.54719543     129.54719543
     130.40179443     130.40179443     130.40179443     130.40179443     131.23089600     131.23089600     131.23089600     131.23089600     132.15980530     132.42010498     132.42010498     132.42010498     132.42010498     132.42010498     132.42010498     132.42010498     132.58270264     132.58270264     132.58270264     132.58270264
     133.10209656     133.72720337     133.82479858     133.82479858     133.82479858     133.82479858     134.23019409     134.23019409     134.23019409     134.23019409     134.54960632     134.54960632     134.54960632     134.54960632     134.75959778     134.75959778     134.75959778     134.75959778     135.08880615     135.08880615
     135.08880615     135.08880615     135.38920593     135.38920593     135.38920593     135.38920593     135.86259460     135.86259460     135.86259460     135.86259460     136.24780273     136.24780273     136.24780273     136.24780273     136.49220276     136.49220276     136.49220276     136.49220276     136.83290100     137.20829773
     137.49229431     137.97810364     120.89749908     121.02539825     121.13710022     121.24369812     121.42089844     121.46949768     121.51470184     121.57849884     121.66480255     121.76999664     122.04100037     122.28209686     122.74749756     123.40000153     124.37969971     125.44799805     126.54799652     127.62909698
     128.71000671     129.72639465     130.66929626     131.59359741     132.15919495     132.49279785     132.59480286     132.40409851     131.98899841     131.21560669     130.47740173     129.45440674     129.45440674     129.45440674     129.45440674     129.02090454     129.02090454     129.02090454     129.02090454     129.02090454
     129.02090454     129.02090454     128.07429504     127.69409943     127.69409943     127.69409943     127.69409943     127.86060333     127.86060333     127.86060333     127.86060333     128.18510437     128.18510437     128.18510437     128.18510437     128.18510437     128.18510437     128.18510437     128.62319946     128.62319946
     128.62319946     128.62319946     128.63189697     128.67559814     128.70230103     128.82699585     128.82699585     128.82699585     128.82699585     128.37550354     128.37550354     128.37550354     128.37550354     128.37550354     128.37550354     128.37550354     128.15820312     128.15820312     128.15820312     128.15820312
     128.15820312     128.15820312     128.15820312     128.02630615     128.02630615     128.02630615     128.02630615     128.02630615     128.02630615     128.02630615     128.02630615     128.02630615     128.02630615     128.68510437     128.68510437     128.68510437     128.68510437     128.68510437     128.68510437     128.68510437
     128.94450378     128.94450378     128.94450378     128.94450378     128.94450378     128.94450378     128.94450378     128.94450378     128.94450378     128.94450378     130.21949768     130.21949768     130.21949768     130.21949768     131.13989258     131.60189819     131.60189819     131.60189819     131.60189819     132.09689331
     132.09689331     132.09689331     132.09689331     132.80729675     132.80729675     132.80729675     132.80729675     133.40080261     133.40080261     133.40080261     133.40080261     133.94070435     133.94070435     133.94070435     133.94070435     134.44119263     134.73710632     135.12739563     135.27729797     135.67210388
     136.00529480     136.00529480     136.00529480     136.00529480     136.27450562     136.27450562     136.27450562     136.27450562     136.57170105     136.57170105     136.57170105     136.57170105     136.84790039     136.84790039     136.84790039     136.84790039     137.12750244     137.38850403     137.78579712     120.90039825
     121.01860046     121.15750122     121.37750244     121.47029877     121.57250214     121.67520142     121.80180359     122.01129913     122.23049927     122.54560089     122.99539948     123.63289642     124.72570038     125.80480194     127.00270081     128.22869873     129.37680054     130.34140015     131.38929749     132.26220703
     132.73739624     132.93989563     132.81979370     132.56280518     132.27029419     131.34249878     130.37359619     129.57350159     128.55880737     127.56490326     127.56490326     127.56490326     127.56490326     127.56490326     127.56490326     127.56490326     127.61489868     127.61489868     127.61489868     127.61489868
     127.61489868     127.61489868     127.61489868     127.92389679     127.92389679     127.92389679     127.92389679     128.54930115     128.54930115     128.54930115     128.54930115     129.10949707     129.21629333     128.94129944     128.96679688     128.23080444     128.23080444     128.23080444     128.23080444     128.23080444
     128.23080444     128.23080444     128.15269470     128.15269470     128.15269470     128.15269470     127.73439789     127.73439789     127.73439789     127.73439789     127.73439789     127.73439789     127.73439789     127.44290161     127.44290161     127.44290161     127.44290161     127.78179932     128.73669434     128.73669434
     128.73669434     128.73669434     129.41859436     129.41859436     129.41859436     129.41859436     129.86210632     129.86210632     129.86210632     129.86210632     130.94200134     130.94200134     130.94200134     130.94200134     131.96240234     132.77169800     133.49620056     133.94549561     134.44920349     135.02409363
     135.44960022     135.48860168     135.85519409     136.13609314     136.37199402     136.68499756     136.87980652     136.87980652     136.87980652     136.87980652     137.07040405     137.07040405     137.07040405     137.07040405     137.29939270     137.63740540     120.91490173     121.07720184     121.35009766     121.51670074
     121.67299652     121.83699799     122.09169769     122.24859619     122.51580048     122.87210083     123.35220337     124.02490234     125.08419800     126.21649933     127.39830017     128.90409851     129.98269653     131.17860413     131.84910583     132.55470276     132.84590149     133.07279968     133.15570068     132.50970459
     131.93690491     131.05389404     130.17199707     129.33270264     128.24879456     128.24879456     128.24879456     128.24879456     128.24879456     128.24879456     128.24879456     127.22170258     127.22170258     127.22170258     127.22170258     127.22170258     127.22170258     127.22170258     127.22170258     127.22170258
     127.22170258     127.29850006     127.29850006     127.29850006     127.29850006     127.29850006     127.29850006     127.29850006     127.78820038     127.78820038     127.78820038     127.78820038     128.04609680     128.04609680     128.04609680     128.04609680     128.04609680     128.04609680     128.04609680     128.50790405
     128.37489319     128.53050232     128.39030457     127.73179626     127.82879639     127.63169861     127.63169861     127.63169861     127.63169861     127.63169861     127.63169861     127.63169861     127.90820312     127.90820312     127.90820312     127.90820312     128.45790100     128.89320374     128.89320374     128.89320374
     128.89320374     129.29289246     129.29289246     129.29289246     129.29289246     129.95899963     131.03779602     131.79350281     132.55349731     133.29870605     134.09069824     134.56649780     134.96009827     135.43750000     135.70880127     135.99209595     136.16099548     136.37930298     136.53700256     136.80979919
     137.03280640     137.03280640     137.03280640     137.03280640     137.21369934     137.21369934     137.21369934     137.21369934     137.35220337     137.35220337     121.03569794     121.35600281     121.59909821     121.84580231     122.09220123     122.40910339     122.61759949     122.95400238     123.37729645     123.92720032
     124.76399994     125.72070312     126.95230103     127.92440033     129.04649353     130.26300049     131.43940735     131.99879456     132.63920593     132.97709656     133.05329895     132.91569519     132.55670166     131.97210693     131.26040649     130.42199707     128.80169678     128.17649841     128.17649841     128.17649841
     128.17649841     127.31420135     127.31420135     127.31420135     127.31420135     127.58029938     127.58029938     127.58029938     127.58029938     127.86009979     128.17160034     128.77949524     129.03999329     128.70919800     128.47300720     128.27729797     128.14759827     127.99880219     128.41560364     128.51449585
     129.29739380     129.29739380     129.29739380     129.29739380     128.91299438     129.78790283     131.05999756     131.91830444     132.64039612     133.40190125     134.33189392     134.93899536     135.35800171     135.84370422     136.27980042     136.48150635     136.49290466     136.64689636     136.77580261     136.93380737
     137.07530212     137.18659973     137.29319763     121.40740204     121.71269989     122.04389954     122.43920135     122.76730347     123.07559967     123.49199677     123.99440002     124.62139893     125.48090363     126.60359955     127.58969879     128.66920471     129.89129639     130.96679688     131.96490479     132.64399719
     133.16920471     133.42619324     133.44090271     133.25799561     132.84559631     132.20669556     131.57519531     130.25630188     129.32580566     128.62390137     127.92859650     128.28100586     128.28100586     128.28100586     128.28100586     128.52160645     128.68440247     129.25529480     129.31050110     129.44439697
     129.27180481     129.14160156     128.92329407     128.77890015     129.35290527     129.34039307     129.34039307     129.34039307     129.34039307     129.39889526     129.39889526     129.39889526     129.39889526     129.62370300     130.37640381     131.61540222     132.45359802     133.11289978     133.86630249     134.73730469
     135.47239685     136.04060364     136.52940369     136.82229614     136.95320129     136.89970398     137.00630188     137.07989502     137.10009766     137.11050415     137.21690369     137.34230042     121.89309692     122.29160309     122.76450348     123.17870331     123.60399628     124.10209656     124.68049622     125.39839935
     126.25430298     127.36879730     128.40600586     129.62550354     130.76989746     131.67619324     132.64439392     133.25140381     133.71490479     133.94000244     133.90269470     133.67909241     133.21479797     132.55799866     131.75390625     130.87069702     129.96409607     129.23959351     128.56039429     129.11540222
     129.11540222     129.11540222     129.11540222     129.51649475     129.51649475     129.51649475     129.51649475     129.67630005     130.01539612     130.26249695     130.38909912     130.27059937     130.17790222     130.17790222     130.17790222     130.17790222     129.94549561     129.94549561     129.94549561     129.94549561
     129.81799316     129.81799316     129.81799316     129.81799316     130.20159912     130.20159912     130.20159912     130.20159912     130.39790344     130.39790344     130.39790344     130.39790344     130.47560120     130.49839783     131.19279480     132.44659424     133.16610718     133.78619385     134.52149963     135.41270447
     136.12579346     136.69700623     137.15719604     137.44380188     137.52969360     137.42430115     137.47940063     137.43490601     137.37600708     137.34039307     137.25010681     137.35290527     122.58159637     123.13040161     123.64600372     124.15650177     124.73269653     125.42710114     126.21869659     127.28119659
     128.29100037     129.47810364     130.55329895     131.44940186     132.48069763     133.39529419     133.96580505     134.36300659     134.51879883     134.43679810     134.17900085     133.70170593     133.09060669     132.46130371     131.63310242     130.74710083     130.07069397     129.57600403     130.18640137     130.36160278
     130.36160278     130.36160278     130.36160278     130.84440613     130.84440613     130.84440613     130.84440613     131.13180542     131.33830261     131.37959290     131.37959290     131.37959290     131.37959290     131.41619873     131.41619873     131.41619873     131.41619873     131.36329651     131.36329651     131.36329651
     131.36329651     131.12199402     131.00280762     131.46929932     131.64599609     131.81709290     132.05169678     132.35830688     133.44650269     134.26669312     134.80740356     135.49479675     136.38560486     136.83230591     137.39129639     137.86929321     138.14280701     138.19129944     138.08900452     138.02259827
     137.89900208     137.74169922     137.60820007     123.53060150     124.09079742     124.73639679     125.42199707     126.17209625     127.00800323     128.13070679     129.28010559     130.31610107     131.27479553     132.27470398     133.26770020     134.13690186     134.68330383     135.06129456     135.13389587     135.12690735
     134.74819946     134.39509583     133.77180481     133.23730469     132.52589417     131.78059387     131.28680420     130.99220276     131.26750183     131.68229675     132.14460754     132.14460754     132.14460754     132.14460754     132.52999878     132.52999878     132.52999878     132.52999878     132.60870361     132.60870361
     132.60870361     132.60870361     132.67359924     132.67359924     132.67359924     132.67359924     132.71910095     132.70799255     132.35650635     132.49980164     132.87240601     132.88529968     133.06010437     133.26440430     133.51330566     134.58540344     135.28300476     135.69569397     136.38929749     137.26249695
     137.92089844     138.40969849     138.65820312     138.89779663     138.97520447     138.80419922     138.66900635     138.46060181     124.55609894     125.33619690     126.06500244     126.84439850     127.69210052     129.04150391     130.06359863     131.04389954     132.07150269     133.06089783     134.00779724     134.88000488
     135.48410034     135.82899475     135.93370056     135.74710083     135.44810486     135.08140564     134.57319641     134.18400574     133.65899658     132.97729492     132.47689819     132.39050293     132.70590210     133.14860535     133.67019653     133.90510559     134.04859924     134.08110046     134.03610229     133.98019409
     133.58239746     133.88400269     133.90080261     133.88409424     134.05009460     134.13800049     134.28810120     135.22850037     136.27229309     136.61790466     137.09629822     138.02000427     138.60049438     139.10099792     139.56170654     139.93879700     139.75810242     139.58360291     125.86479950     126.62779999
     127.45040131     128.78770447     129.72880554     130.71229553     131.72140503     132.72470093     133.68859863     134.58929443     135.41560364     136.02839661     136.33720398     136.44619751     136.36729431     136.07470703     135.82290649     135.47329712     135.19450378     134.85200500     134.30580139     134.02630615
     134.11180115     134.44479370     134.84509277     135.28089905     135.46409607     135.56709290     135.68910217     135.53070068     135.38319397     135.08760071     135.26359558     135.22450256     135.16079712     135.35890198     135.68980408     135.40620422     136.37440491     137.19700623     137.83459473     138.10839844
     138.94160461     139.48710632     139.94020081     140.37669373     140.64970398     127.46800232     128.38020325     129.24349976     130.33560181     131.30639648     132.28649902     133.25280762     134.17550659     135.02600098     135.78680420     136.39250183     136.76879883     136.95649719     136.94129944     136.82710266
     136.62989807     136.37510681     135.94230652     135.82580566     135.70010376     135.62660217     135.79389954     136.37089539     136.74189758     137.12739563     137.23429871     137.24540710     137.29829407     137.16749573     136.99180603     136.72810364     136.59970093     136.52130127     136.47129822     136.58439636
     136.85479736     136.58779907     137.46870422     138.17089844     138.77490234     139.35440063     139.80209351     140.33720398     128.90750122     129.73869324     130.81970215     131.76559448     132.71139526     133.63639832     134.51339722     135.30439758     136.08520508     136.64529419     137.05230713     137.32290649
     137.43469238     137.45899963     137.41140747     137.18280029     137.10560608     137.01199341     137.12040710     137.23100281     137.55090332     138.13789368     138.63349915     138.83180237     138.87519836     138.92559814     138.79060364     138.67559814     138.45469666     138.04510498     137.85060120     137.74200439
     137.66850281     137.73530579     137.91369629     137.71200562     130.16769409     131.18820190     132.09979248     133.13699341     134.00709534     134.82670593     135.44349670     136.31799316     136.79519653     137.22979736     137.58880615     137.81390381     137.97189331     138.02380371     138.03829956     138.05799866
     131.55760193     132.38389587     133.24470520     134.07730103     134.86180115     135.45989990     136.48590088     136.97700500     137.64360046     137.91169739     138.16079712     138.34950256     138.54299927     131.88769531     132.71299744     133.61459351     134.87690735     135.56469727     136.86050415     137.33290100
     137.77810669     138.10450745     138.36970520
