       0.00000000       0.00303344
      31.00000000       0.00303344
      60.00000000       0.00162824
      91.00000000  7.45984129E-04
     121.00000000       0.00175809
     152.00000000       0.00240244
     182.00000000       0.00207581
     213.00000000       0.00326146
     244.00000000       0.00282536
     274.00000000       0.00169811
     305.00000000  6.20024484E-04
     335.00000000       0.00215242
     366.00000000  8.24472903E-04
     397.00000000       0.00108127
     425.00000000  6.84993821E-04
     456.00000000       0.00153178
     486.00000000       0.00129064
     517.00000000  9.44218258E-04
     547.00000000       0.00200737
     578.00000000       0.00168895
     609.00000000       0.00374466
     639.00000000       0.00221300
     670.00000000       0.00244456
     700.00000000       0.00164339
     731.00000000       0.00143986
     762.00000000       0.00206944
     790.00000000       0.00121478
     821.00000000  6.52302161E-04
     851.00000000       0.00117276
     882.00000000       0.00113624
     912.00000000       0.00188963
     943.00000000  3.61312839E-04
     974.00000000       0.00225122
    1004.00000000       0.00225826
    1035.00000000       0.00113133
    1065.00000000       0.00169210
    1096.00000000       0.00187792
    1127.00000000  9.43007226E-04
    1155.00000000       0.00154403
    1186.00000000       0.00175412
    1216.00000000  4.24514167E-04
    1247.00000000       0.00192839
    1277.00000000       0.00270275
    1308.00000000       0.00213462
    1339.00000000       0.00317503
    1369.00000000       0.00325800
    1400.00000000       0.00274293
    1430.00000000       0.00148582
    1461.00000000       0.00282768
