1,1,177,380,1.7688778,2.0,0.001,142.6419,1.0,86.4,0.03,1,1.0,0,orbacken_sfr_1
2,1,177,379,2.27321778,2.0,0.001,142.5888,1.0,86.4,0.03,2,1.0,0,orbacken_sfr_1
3,1,177,378,0.06908705,2.0,0.001,142.5533,1.0,86.4,0.03,2,1.0,0,orbacken_sfr_1
4,1,176,378,2.20413073,2.0,0.001,142.5138,1.0,86.4,0.03,2,1.0,0,orbacken_sfr_1
5,1,176,377,2.06296124,2.0,0.001,142.4699,1.0,86.4,0.03,2,1.0,0,orbacken_sfr_1
6,1,175,377,0.18910415,2.0,0.001,142.459,1.0,86.4,0.03,2,1.0,0,orbacken_sfr_1
7,1,175,376,2.21680877,2.0,0.001,142.4527,1.0,86.4,0.03,2,1.0,0,orbacken_sfr_1
8,1,175,375,2.21680877,2.0,0.001,142.4526,1.0,86.4,0.03,2,1.0,0,orbacken_sfr_1
9,1,175,374,0.01417955,2.0,0.001,142.4525,1.0,86.4,0.03,2,1.0,0,orbacken_sfr_1
10,1,174,374,2.20262923,2.0,0.001,142.4524,1.0,86.4,0.03,2,1.0,0,orbacken_sfr_1
11,1,174,373,2.21680877,2.0,0.001,142.4523,1.0,86.4,0.03,2,1.0,0,orbacken_sfr_1
12,1,174,372,0.21746325,2.0,0.001,142.4522,1.0,86.4,0.03,2,1.0,0,orbacken_sfr_1
13,1,173,372,2.00586765,2.0,0.001,142.4521,1.0,86.4,0.03,2,1.0,0,orbacken_sfr_1
14,1,173,371,2.24752246,2.0,0.001,142.452,1.0,86.4,0.03,2,1.0,0,orbacken_sfr_1
15,1,172,371,0.06180337,2.0,0.001,142.4519,1.0,86.4,0.03,2,1.0,0,orbacken_sfr_1
16,1,172,370,2.30932584,2.0,0.001,142.4518,1.0,86.4,0.03,2,1.0,0,orbacken_sfr_1
17,1,172,369,1.62926181,2.0,0.001,142.4517,1.0,86.4,0.03,2,1.0,0,orbacken_sfr_1
18,1,171,369,0.68006403,2.0,0.001,142.4415,1.0,86.4,0.03,2,1.0,0,orbacken_sfr_1
19,1,171,368,2.30932584,2.0,0.001,142.3638,1.0,86.4,0.03,2,1.0,0,orbacken_sfr_1
20,1,171,367,1.27978593,2.0,0.001,142.3441,1.0,86.4,0.03,2,1.0,0,orbacken_sfr_1
21,1,170,367,0.89548607,2.0,0.001,142.344,1.0,86.4,0.03,2,1.0,0,orbacken_sfr_1
22,1,170,366,2.17153106,2.0,0.001,142.3439,1.0,86.4,0.03,2,1.0,0,orbacken_sfr_1
23,1,170,365,2.10888508,2.0,0.001,142.3438,1.0,86.4,0.03,2,1.0,0,orbacken_sfr_1
24,1,170,364,0.48668113,2.0,0.001,142.3437,1.0,86.4,0.03,2,1.0,0,orbacken_sfr_1
25,1,169,364,2.4253727,2.0,0.001,142.3436,1.0,86.4,0.03,2,1.0,0,orbacken_sfr_1
26,1,169,363,0.16288151,2.0,0.001,142.3435,1.0,86.4,0.03,2,1.0,0,orbacken_sfr_1
27,1,168,363,2.28979784,2.0,0.001,142.3434,1.0,86.4,0.03,2,1.0,0,orbacken_sfr_1
28,1,167,363,1.85493423,2.0,0.001,142.3433,1.0,86.4,0.03,2,1.0,0,orbacken_sfr_1
29,1,167,362,0.36472007,2.0,0.001,142.3432,1.0,86.4,0.03,2,1.0,0,orbacken_sfr_1
30,1,166,362,2.21965431,2.0,0.001,142.3431,1.0,86.4,0.03,2,1.0,0,orbacken_sfr_1
31,1,165,362,2.02675217,2.0,0.001,142.343,1.0,86.4,0.03,2,1.0,0,orbacken_sfr_1
32,1,165,361,0.19290214,2.0,0.001,142.3429,1.0,86.4,0.03,2,1.0,0,orbacken_sfr_1
33,1,164,361,2.80081851,2.0,0.001,142.2623,1.0,86.4,0.03,2,1.0,0,orbacken_sfr_1
34,1,163,361,0.11425453,2.0,0.001,142.1923,1.0,86.4,0.03,2,1.0,0,orbacken_sfr_1
35,1,163,360,2.41619572,2.0,0.001,142.1683,1.0,86.4,0.03,2,1.0,0,orbacken_sfr_1
36,1,163,359,1.033972,2.0,0.001,142.1682,1.0,86.4,0.03,2,1.0,0,orbacken_sfr_1
37,1,162,359,1.3523415,2.0,0.001,142.1613,1.0,86.4,0.03,2,1.0,0,orbacken_sfr_1
38,1,162,358,2.08032722,2.0,0.001,142.1612,1.0,86.4,0.03,2,1.0,0,orbacken_sfr_1
39,1,162,357,0.11448925,2.0,0.001,142.1611,1.0,86.4,0.03,2,1.0,0,orbacken_sfr_1
40,1,163,357,1.96583797,2.0,0.001,142.161,1.0,86.4,0.03,2,1.0,0,orbacken_sfr_1
41,1,163,356,2.08032722,2.0,0.001,142.1609,1.0,86.4,0.03,2,1.0,0,orbacken_sfr_1
42,1,163,355,2.08032722,2.0,0.001,142.1608,1.0,86.4,0.03,2,1.0,0,orbacken_sfr_1
43,1,163,354,1.14096976,2.0,0.001,142.1607,1.0,86.4,0.03,2,1.0,0,orbacken_sfr_1
44,1,164,354,0.93616246,2.0,0.001,142.1606,1.0,86.4,0.03,2,1.0,0,orbacken_sfr_1
45,1,164,353,2.00135771,2.0,0.001,142.1327,1.0,86.4,0.03,2,1.0,0,orbacken_sfr_1
46,1,164,352,2.00135771,2.0,0.001,142.0706,1.0,86.4,0.03,2,1.0,0,orbacken_sfr_1
47,1,164,351,0.65956575,2.0,0.001,142.0552,1.0,86.4,0.03,2,1.0,0,orbacken_sfr_1
48,1,163,351,1.36915338,2.0,0.001,142.0551,1.0,86.4,0.03,2,1.0,0,orbacken_sfr_1
49,1,163,350,2.03223821,2.0,0.001,142.055,1.0,86.4,0.03,2,1.0,0,orbacken_sfr_1
50,1,163,349,2.03223821,2.0,0.001,142.0549,1.0,86.4,0.03,2,1.0,0,orbacken_sfr_1
51,1,163,348,2.03897336,2.0,0.001,142.0548,1.0,86.4,0.03,2,1.0,0,orbacken_sfr_1
52,1,163,347,2.06297876,2.0,0.001,142.0547,1.0,86.4,0.03,2,1.0,0,orbacken_sfr_1
53,1,163,346,0.56190338,2.0,0.001,142.0546,1.0,86.4,0.03,2,1.0,0,orbacken_sfr_1
54,1,162,346,1.50107539,2.0,0.001,142.0545,1.0,86.4,0.03,2,1.0,0,orbacken_sfr_1
55,1,162,345,2.08759095,2.0,0.001,142.0544,1.0,86.4,0.03,2,1.0,0,orbacken_sfr_1
56,1,162,344,2.10731088,2.0,0.001,142.0543,1.0,86.4,0.03,2,1.0,0,orbacken_sfr_1
57,1,162,343,1.18853971,2.0,0.001,142.0542,1.0,86.4,0.03,2,1.0,0,orbacken_sfr_1
58,1,161,343,0.91877118,2.0,0.001,142.0541,1.0,86.4,0.03,2,1.0,0,orbacken_sfr_1
59,1,161,342,2.10731088,2.0,0.001,142.054,1.0,86.4,0.03,2,1.0,0,orbacken_sfr_1
60,1,161,341,2.10731088,2.0,0.001,142.0539,1.0,86.4,0.03,2,1.0,0,orbacken_sfr_1
61,1,161,340,1.2149142,2.0,0.001,142.0538,1.0,86.4,0.03,2,1.0,0,orbacken_sfr_1
62,1,160,340,0.89239668,2.0,0.001,142.0537,1.0,86.4,0.03,2,1.0,0,orbacken_sfr_1
63,1,160,339,2.10731088,2.0,0.001,142.0536,1.0,86.4,0.03,2,1.0,0,orbacken_sfr_1
64,1,160,338,2.10372807,2.0,0.001,142.0535,1.0,86.4,0.03,2,1.0,0,orbacken_sfr_1
65,1,160,337,1.49971625,2.0,0.001,142.0534,1.0,86.4,0.03,2,1.0,0,orbacken_sfr_1
66,1,159,337,0.57678488,2.0,0.001,142.0413,1.0,86.4,0.03,2,1.0,0,orbacken_sfr_1
67,1,159,336,2.06310835,2.0,0.001,142.0412,1.0,86.4,0.03,2,1.0,0,orbacken_sfr_1
68,1,159,335,2.00799842,2.0,0.001,142.0411,1.0,86.4,0.03,2,1.0,0,orbacken_sfr_1
69,1,159,334,2.00799842,2.0,0.001,142.041,1.0,86.4,0.03,2,1.0,0,orbacken_sfr_1
70,1,159,333,2.00799842,2.0,0.001,142.0409,1.0,86.4,0.03,2,1.0,0,orbacken_sfr_1
71,1,159,332,0.22060084,2.0,0.001,142.0408,1.0,86.4,0.03,2,1.0,0,orbacken_sfr_1
72,1,159,332,0.05108157,2.0,0.001,142.0407,1.0,86.4,0.03,2,1.0,0,orbacken_sfr_2
73,1,160,332,1.78562222,2.0,0.001,142.0406,1.0,86.4,0.03,2,1.0,0,orbacken_sfr_2
74,1,160,331,2.06339001,2.0,0.001,142.0405,1.0,86.4,0.03,2,1.0,0,orbacken_sfr_2
75,1,160,330,2.06339001,2.0,0.001,142.0404,1.0,86.4,0.03,2,1.0,0,orbacken_sfr_2
76,1,160,329,2.06339001,2.0,0.001,142.0403,1.0,86.4,0.03,2,1.0,0,orbacken_sfr_2
77,1,160,328,0.15544539,2.0,0.001,142.0402,1.0,86.4,0.03,2,1.0,0,orbacken_sfr_2
78,1,161,328,1.90794462,2.0,0.001,142.0401,1.0,86.4,0.03,2,1.0,0,orbacken_sfr_2
79,1,161,327,2.06339001,2.0,0.001,142.04,1.0,86.4,0.03,2,1.0,0,orbacken_sfr_2
80,1,161,326,2.06339001,2.0,0.001,142.0399,1.0,86.4,0.03,2,1.0,0,orbacken_sfr_2
81,1,161,325,2.06339001,2.0,0.001,142.0398,1.0,86.4,0.03,2,1.0,0,orbacken_sfr_2
82,1,161,324,0.03312299,2.0,0.001,142.0397,1.0,86.4,0.03,2,1.0,0,orbacken_sfr_2
83,1,162,324,2.03026702,2.0,0.001,142.0396,1.0,86.4,0.03,2,1.0,0,orbacken_sfr_2
84,1,162,323,2.06339001,2.0,0.001,142.0395,1.0,86.4,0.03,2,1.0,0,orbacken_sfr_2
85,1,162,322,2.06339001,2.0,0.001,142.0394,1.0,86.4,0.03,2,1.0,0,orbacken_sfr_2
86,1,162,321,1.9741906,2.0,0.001,142.0393,1.0,86.4,0.03,2,1.0,0,orbacken_sfr_2
87,1,163,321,0.08919941,2.0,0.001,142.0392,1.0,86.4,0.03,2,1.0,0,orbacken_sfr_2
88,1,163,320,2.06339001,2.0,0.001,142.0391,1.0,86.4,0.03,2,1.0,0,orbacken_sfr_2
89,1,163,319,2.06339001,2.0,0.001,142.039,1.0,86.4,0.03,2,1.0,0,orbacken_sfr_2
90,1,163,318,2.06339001,2.0,0.001,142.0389,1.0,86.4,0.03,2,1.0,0,orbacken_sfr_2
91,1,163,317,1.8518682,2.0,0.001,142.0388,1.0,86.4,0.03,2,1.0,0,orbacken_sfr_2
92,1,164,317,0.21152181,2.0,0.001,142.0387,1.0,86.4,0.03,2,1.0,0,orbacken_sfr_2
93,1,164,316,2.06339001,2.0,0.001,142.0386,1.0,86.4,0.03,2,1.0,0,orbacken_sfr_2
94,1,164,315,2.06339001,2.0,0.001,142.0385,1.0,86.4,0.03,2,1.0,0,orbacken_sfr_2
95,1,164,314,2.06339001,2.0,0.001,142.0384,1.0,86.4,0.03,2,1.0,0,orbacken_sfr_2
96,1,164,313,1.7295458,2.0,0.001,142.0383,1.0,86.4,0.03,2,1.0,0,orbacken_sfr_2
97,1,165,313,0.33384421,2.0,0.001,142.0382,1.0,86.4,0.03,2,1.0,0,orbacken_sfr_2
98,1,165,312,2.06339001,2.0,0.001,141.9416,1.0,86.4,0.03,2,1.0,0,orbacken_sfr_2
99,1,165,311,2.06339001,2.0,0.001,141.6928,1.0,86.4,0.03,2,1.0,0,orbacken_sfr_2
100,1,165,310,2.06339001,2.0,0.001,141.6474,1.0,86.4,0.03,2,1.0,0,orbacken_sfr_2
101,1,165,309,1.60722339,2.0,0.001,141.1684,1.0,86.4,0.03,2,1.0,0,orbacken_sfr_2
102,1,166,309,0.45616662,2.0,0.001,141.1683,1.0,86.4,0.03,2,1.0,0,orbacken_sfr_2
103,1,166,308,2.06339001,2.0,0.001,141.1682,1.0,86.4,0.03,2,1.0,0,orbacken_sfr_2
104,1,166,307,2.06339001,2.0,0.001,141.1047,1.0,86.4,0.03,2,1.0,0,orbacken_sfr_2
105,1,166,306,2.06339001,2.0,0.001,140.7241,1.0,86.4,0.03,2,1.0,0,orbacken_sfr_2
106,1,166,305,1.48490099,2.0,0.001,140.7019,1.0,86.4,0.03,2,1.0,0,orbacken_sfr_2
107,1,167,305,0.57848902,2.0,0.001,140.6915,1.0,86.4,0.03,2,1.0,0,orbacken_sfr_2
108,1,167,304,2.06339001,2.0,0.001,140.5647,1.0,86.4,0.03,2,1.0,0,orbacken_sfr_2
109,1,167,303,2.06339001,2.0,0.001,140.3344,1.0,86.4,0.03,2,1.0,0,orbacken_sfr_2
110,1,167,302,0.57432297,2.0,0.001,140.1435,1.0,86.4,0.03,2,1.0,0,orbacken_sfr_2
111,1,167,302,1.45455321,2.0,0.001,140.1435,1.0,86.4,0.03,2,1.0,0,orbacken_sfr_3
112,1,167,301,2.01556444,2.0,0.001,139.8564,1.0,86.4,0.03,2,1.0,0,orbacken_sfr_3
113,1,167,300,1.10409904,2.0,0.001,139.8078,1.0,86.4,0.03,2,1.0,0,orbacken_sfr_3
114,1,168,300,0.96543356,2.0,0.001,139.5689,1.0,86.4,0.03,2,1.0,0,orbacken_sfr_3
115,1,168,299,2.07387021,2.0,0.001,139.5509,1.0,86.4,0.03,2,1.0,0,orbacken_sfr_3
116,1,168,298,2.19534266,2.0,0.001,139.5451,1.0,86.4,0.03,2,1.0,0,orbacken_sfr_3
117,1,168,297,0.62823007,2.0,0.001,139.545,1.0,86.4,0.03,2,1.0,0,orbacken_sfr_3
118,1,169,297,1.86540148,2.0,0.001,139.4145,1.0,86.4,0.03,2,1.0,0,orbacken_sfr_3
119,1,169,296,1.48318945,2.0,0.001,139.4144,1.0,86.4,0.03,2,1.0,0,orbacken_sfr_3
120,1,170,296,1.01531163,2.0,0.001,139.3614,1.0,86.4,0.03,2,1.0,0,orbacken_sfr_3
121,1,170,295,2.24228852,2.0,0.001,139.2728,1.0,86.4,0.03,2,1.0,0,orbacken_sfr_3
122,1,171,295,0.3048025,2.0,0.001,139.2008,1.0,86.4,0.03,2,1.0,0,orbacken_sfr_3
123,1,171,294,2.54709102,2.0,0.001,139.0475,1.0,86.4,0.03,2,1.0,0,orbacken_sfr_3
124,1,171,293,0.37792293,2.0,0.001,139.0075,1.0,86.4,0.03,2,1.0,0,orbacken_sfr_3
125,1,172,293,2.1691681,2.0,0.001,138.9225,1.0,86.4,0.03,2,1.0,0,orbacken_sfr_3
126,1,172,292,1.06064835,2.0,0.001,138.8977,1.0,86.4,0.03,2,1.0,0,orbacken_sfr_3
127,1,173,292,1.48644267,2.0,0.001,138.8239,1.0,86.4,0.03,2,1.0,0,orbacken_sfr_3
128,1,173,291,1.74337378,2.0,0.001,138.8238,1.0,86.4,0.03,2,1.0,0,orbacken_sfr_3
129,1,174,291,0.80371724,2.0,0.001,138.7357,1.0,86.4,0.03,2,1.0,0,orbacken_sfr_3
130,1,174,290,2.33411243,2.0,0.001,138.7356,1.0,86.4,0.03,2,1.0,0,orbacken_sfr_3
131,1,175,290,0.30809839,2.0,0.001,138.691,1.0,86.4,0.03,2,1.0,0,orbacken_sfr_3
132,1,175,289,2.52032873,2.0,0.001,138.6909,1.0,86.4,0.03,2,1.0,0,orbacken_sfr_3
133,1,176,289,0.30809839,2.0,0.001,138.5792,1.0,86.4,0.03,2,1.0,0,orbacken_sfr_3
134,1,176,288,2.41599674,2.0,0.001,138.5791,1.0,86.4,0.03,2,1.0,0,orbacken_sfr_3
135,1,177,288,0.56437291,2.0,0.001,138.5076,1.0,86.4,0.03,2,1.0,0,orbacken_sfr_3
136,1,177,287,2.0641911,2.0,0.001,138.5075,1.0,86.4,0.03,2,1.0,0,orbacken_sfr_3
137,1,178,287,1.12237199,2.0,0.001,138.4509,1.0,86.4,0.03,2,1.0,0,orbacken_sfr_3
138,1,178,286,1.36341527,2.0,0.001,138.4508,1.0,86.4,0.03,2,1.0,0,orbacken_sfr_3
139,1,179,286,2.00442554,2.0,0.001,138.3624,1.0,86.4,0.03,2,1.0,0,orbacken_sfr_3
140,1,179,285,0.48136173,2.0,0.001,138.3504,1.0,86.4,0.03,2,1.0,0,orbacken_sfr_3
141,1,180,285,2.48578726,2.0,0.001,138.2854,1.0,86.4,0.03,2,1.0,0,orbacken_sfr_3
142,1,181,285,0.40069182,2.0,0.001,138.2297,1.0,86.4,0.03,2,1.0,0,orbacken_sfr_3
143,1,181,284,2.00203738,2.0,0.001,138.2233,1.0,86.4,0.03,2,1.0,0,orbacken_sfr_3
144,1,182,284,2.09644987,2.0,0.001,138.1549,1.0,86.4,0.03,2,1.0,0,orbacken_sfr_3
145,1,183,284,1.46252365,2.0,0.001,138.0402,1.0,86.4,0.03,2,1.0,0,orbacken_sfr_3
146,1,183,283,0.58233707,2.0,0.001,138.0379,1.0,86.4,0.03,2,1.0,0,orbacken_sfr_3
147,1,184,283,2.00378671,2.0,0.001,137.9933,1.0,86.4,0.03,2,1.0,0,orbacken_sfr_3
148,1,185,283,2.02319071,2.0,0.001,137.9389,1.0,86.4,0.03,2,1.0,0,orbacken_sfr_3
149,1,186,283,2.16088442,2.0,0.001,137.8976,1.0,86.4,0.03,2,1.0,0,orbacken_sfr_3
150,1,187,283,2.21091046,2.0,0.001,137.8737,1.0,86.4,0.03,2,1.0,0,orbacken_sfr_3
151,1,188,283,0.02228102,2.0,0.001,137.8736,1.0,86.4,0.03,2,1.0,0,orbacken_sfr_3
152,1,188,282,2.71918301,2.0,0.001,137.8729,1.0,86.4,0.03,2,1.0,0,orbacken_sfr_3
153,1,189,282,0.20504529,2.0,0.001,137.8728,1.0,86.4,0.03,2,1.0,0,orbacken_sfr_3
154,1,189,281,2.68552246,2.0,0.001,137.8727,1.0,86.4,0.03,2,1.0,0,orbacken_sfr_3
155,1,190,281,0.07635289,2.0,0.001,137.8726,1.0,86.4,0.03,2,1.0,0,orbacken_sfr_3
156,1,190,280,2.68729693,2.0,0.001,137.8725,1.0,86.4,0.03,2,1.0,0,orbacken_sfr_3
157,1,190,279,0.23076675,2.0,0.001,137.8214,1.0,86.4,0.03,2,1.0,0,orbacken_sfr_3
158,1,191,279,2.0361131,2.0,0.001,137.8213,1.0,86.4,0.03,2,1.0,0,orbacken_sfr_3
159,1,191,278,2.19907216,2.0,0.001,137.7827,1.0,86.4,0.03,2,1.0,0,orbacken_sfr_3
160,1,191,277,0.48888489,2.0,0.001,137.6624,1.0,86.4,0.03,2,1.0,0,orbacken_sfr_3
161,1,192,277,1.71018727,2.0,0.001,137.6623,1.0,86.4,0.03,2,1.0,0,orbacken_sfr_3
162,1,192,276,2.09681902,2.0,0.001,137.6149,1.0,86.4,0.03,2,1.0,0,orbacken_sfr_3
163,1,192,275,2.02489248,2.0,0.001,137.5829,1.0,86.4,0.03,2,1.0,0,orbacken_sfr_3
164,1,192,274,2.02489248,2.0,0.001,137.5709,1.0,86.4,0.03,2,1.0,0,orbacken_sfr_3
165,1,192,273,0.97777474,2.0,0.001,137.5238,1.0,86.4,0.03,2,1.0,0,orbacken_sfr_3
166,1,191,273,1.15627134,2.0,0.001,137.5237,1.0,86.4,0.03,2,1.0,0,orbacken_sfr_3
167,1,191,272,2.09957468,2.0,0.001,137.4818,1.0,86.4,0.03,2,1.0,0,orbacken_sfr_3
168,1,191,271,2.03273679,2.0,0.001,137.4321,1.0,86.4,0.03,2,1.0,0,orbacken_sfr_3
169,1,191,270,2.00317449,2.0,0.001,137.3338,1.0,86.4,0.03,2,1.0,0,orbacken_sfr_3
170,1,191,269,2.0797229,2.0,0.001,137.3042,1.0,86.4,0.03,2,1.0,0,orbacken_sfr_3
171,1,191,268,2.0797229,2.0,0.001,137.3041,1.0,86.4,0.03,2,1.0,0,orbacken_sfr_3
172,1,191,267,0.45117037,2.0,0.001,137.304,1.0,86.4,0.03,2,1.0,0,orbacken_sfr_3
173,1,191,267,0.4973697,2.0,0.001,137.3039,1.0,86.4,0.03,2,1.0,0,orbacken_sfr_4
174,1,192,267,1.1788828,2.0,0.001,137.3038,1.0,86.4,0.03,2,1.0,0,orbacken_sfr_4
175,1,192,266,2.14063756,2.0,0.001,137.3037,1.0,86.4,0.03,2,1.0,0,orbacken_sfr_4
176,1,192,265,2.14063756,2.0,0.001,137.3036,1.0,86.4,0.03,2,1.0,0,orbacken_sfr_4
177,1,192,264,0.15017807,2.0,0.001,137.3035,1.0,86.4,0.03,2,1.0,0,orbacken_sfr_4
178,1,193,264,1.99045949,2.0,0.001,137.3034,1.0,86.4,0.03,2,1.0,0,orbacken_sfr_4
179,1,193,263,2.14063756,2.0,0.001,137.3033,1.0,86.4,0.03,2,1.0,0,orbacken_sfr_4
180,1,193,262,1.47923894,2.0,0.001,137.3032,1.0,86.4,0.03,2,1.0,0,orbacken_sfr_4
181,1,194,262,0.66139862,2.0,0.001,137.3031,1.0,86.4,0.03,2,1.0,0,orbacken_sfr_4
182,1,194,261,2.14063756,2.0,0.001,137.303,1.0,86.4,0.03,2,1.0,0,orbacken_sfr_4
183,1,194,260,2.14063756,2.0,0.001,137.3029,1.0,86.4,0.03,2,1.0,0,orbacken_sfr_4
184,1,194,259,0.66766226,2.0,0.001,137.3028,1.0,86.4,0.03,2,1.0,0,orbacken_sfr_4
185,1,195,259,1.4729753,2.0,0.001,137.3027,1.0,86.4,0.03,2,1.0,0,orbacken_sfr_4
186,1,195,258,2.14063756,2.0,0.001,137.3026,1.0,86.4,0.03,2,1.0,0,orbacken_sfr_4
187,1,195,257,1.99672313,2.0,0.001,137.3025,1.0,86.4,0.03,2,1.0,0,orbacken_sfr_4
188,1,196,257,0.14391443,2.0,0.001,137.3024,1.0,86.4,0.03,2,1.0,0,orbacken_sfr_4
189,1,196,256,2.14063756,2.0,0.001,137.3023,1.0,86.4,0.03,2,1.0,0,orbacken_sfr_4
190,1,196,255,2.14063756,2.0,0.001,137.3022,1.0,86.4,0.03,2,1.0,0,orbacken_sfr_4
191,1,196,254,1.18514644,2.0,0.001,137.3021,1.0,86.4,0.03,2,1.0,0,orbacken_sfr_4
192,1,197,254,0.95549111,2.0,0.001,137.302,1.0,86.4,0.03,2,1.0,0,orbacken_sfr_4
193,1,197,253,2.14063756,2.0,0.001,137.3019,1.0,86.4,0.03,2,1.0,0,orbacken_sfr_4
194,1,197,252,2.14063756,2.0,0.001,137.3018,1.0,86.4,0.03,2,1.0,0,orbacken_sfr_4
195,1,197,251,0.37356976,2.0,0.001,137.3017,1.0,86.4,0.03,2,1.0,0,orbacken_sfr_4
196,1,198,251,1.7670678,2.0,0.001,137.3016,1.0,86.4,0.03,2,1.0,0,orbacken_sfr_4
197,1,198,250,2.14063756,2.0,0.001,137.3015,1.0,86.4,0.03,2,1.0,0,orbacken_sfr_4
198,1,198,249,1.70263063,2.0,0.001,137.3014,1.0,86.4,0.03,2,1.0,0,orbacken_sfr_4
199,1,199,249,0.43800693,2.0,0.001,137.3013,1.0,86.4,0.03,2,1.0,0,orbacken_sfr_4
200,1,199,248,2.08731105,2.0,0.001,137.3012,1.0,86.4,0.03,2,1.0,0,orbacken_sfr_4
201,1,199,247,2.08606769,2.0,0.001,137.3011,1.0,86.4,0.03,2,1.0,0,orbacken_sfr_4
202,1,199,246,2.08606769,2.0,0.001,137.301,1.0,86.4,0.03,2,1.0,0,orbacken_sfr_4
203,1,199,245,0.21425272,2.0,0.001,137.3009,1.0,86.4,0.03,2,1.0,0,orbacken_sfr_4
204,1,200,245,1.87181497,2.0,0.001,137.3008,1.0,86.4,0.03,2,1.0,0,orbacken_sfr_4
205,1,200,244,2.08606769,2.0,0.001,137.3007,1.0,86.4,0.03,2,1.0,0,orbacken_sfr_4
206,1,200,243,2.06368228,2.0,0.001,137.3006,1.0,86.4,0.03,2,1.0,0,orbacken_sfr_4
207,1,200,242,2.00286624,2.0,0.001,137.3005,1.0,86.4,0.03,2,1.0,0,orbacken_sfr_4
208,1,200,241,2.00286624,2.0,0.001,137.3004,1.0,86.4,0.03,2,1.0,0,orbacken_sfr_4
209,1,200,240,0.86143128,2.0,0.001,137.3003,1.0,86.4,0.03,2,1.0,0,orbacken_sfr_4
210,1,200,240,1.6020339,2.0,0.001,137.3002,1.0,86.4,0.03,2,1.0,0,orbacken_sfr_5
211,1,200,239,1.02737759,2.0,0.001,137.3001,1.0,86.4,0.03,2,1.0,0,orbacken_sfr_5
212,1,199,239,1.78369772,2.0,0.001,137.3,1.0,86.4,0.03,2,1.0,0,orbacken_sfr_5
213,1,199,238,1.06240656,2.0,0.001,137.2999,1.0,86.4,0.03,2,1.0,0,orbacken_sfr_5
214,1,198,238,1.74866874,2.0,0.001,137.2998,1.0,86.4,0.03,2,1.0,0,orbacken_sfr_5
215,1,198,237,1.09743554,2.0,0.001,137.2997,1.0,86.4,0.03,2,1.0,0,orbacken_sfr_5
216,1,197,237,1.71363977,2.0,0.001,137.2996,1.0,86.4,0.03,2,1.0,0,orbacken_sfr_5
217,1,197,236,1.13246452,2.0,0.001,137.2995,1.0,86.4,0.03,2,1.0,0,orbacken_sfr_5
218,1,196,236,1.67861079,2.0,0.001,137.2994,1.0,86.4,0.03,2,1.0,0,orbacken_sfr_5
219,1,196,235,1.16749349,2.0,0.001,137.2993,1.0,86.4,0.03,2,1.0,0,orbacken_sfr_5
220,1,195,235,1.64358181,2.0,0.001,137.2992,1.0,86.4,0.03,2,1.0,0,orbacken_sfr_5
221,1,195,234,1.20252247,2.0,0.001,137.2991,1.0,86.4,0.03,2,1.0,0,orbacken_sfr_5
222,1,194,234,1.60855284,2.0,0.001,137.299,1.0,86.4,0.03,2,1.0,0,orbacken_sfr_5
223,1,194,233,1.23755144,2.0,0.001,137.2989,1.0,86.4,0.03,2,1.0,0,orbacken_sfr_5
224,1,193,233,1.57352386,2.0,0.001,137.2988,1.0,86.4,0.03,2,1.0,0,orbacken_sfr_5
225,1,193,232,1.27258042,2.0,0.001,137.0842,1.0,86.4,0.03,2,1.0,0,orbacken_sfr_5
226,1,192,232,1.53849489,2.0,0.001,137.0841,1.0,86.4,0.03,2,1.0,0,orbacken_sfr_5
227,1,192,231,1.3076094,2.0,0.001,136.9144,1.0,86.4,0.03,2,1.0,0,orbacken_sfr_5
228,1,191,231,1.50346591,2.0,0.001,136.9143,1.0,86.4,0.03,2,1.0,0,orbacken_sfr_5
229,1,191,230,1.34263837,2.0,0.001,136.6783,1.0,86.4,0.03,2,1.0,0,orbacken_sfr_5
230,1,190,230,1.46843693,2.0,0.001,136.6782,1.0,86.4,0.03,2,1.0,0,orbacken_sfr_5
231,1,190,229,1.37766735,2.0,0.001,136.488,1.0,86.4,0.03,2,1.0,0,orbacken_sfr_5
232,1,189,229,1.43340796,2.0,0.001,136.4879,1.0,86.4,0.03,2,1.0,0,orbacken_sfr_5
233,1,189,228,1.41269633,2.0,0.001,136.3368,1.0,86.4,0.03,2,1.0,0,orbacken_sfr_5
234,1,188,228,1.39837898,2.0,0.001,136.3367,1.0,86.4,0.03,2,1.0,0,orbacken_sfr_5
235,1,188,227,1.4477253,2.0,0.001,136.1926,1.0,86.4,0.03,2,1.0,0,orbacken_sfr_5
236,1,187,227,1.36335,2.0,0.001,136.1925,1.0,86.4,0.03,2,1.0,0,orbacken_sfr_5
237,1,187,226,1.48275428,2.0,0.001,136.1924,1.0,86.4,0.03,2,1.0,0,orbacken_sfr_5
238,1,186,226,1.32832103,2.0,0.001,136.1923,1.0,86.4,0.03,2,1.0,0,orbacken_sfr_5
239,1,186,225,1.51778326,2.0,0.001,136.1922,1.0,86.4,0.03,2,1.0,0,orbacken_sfr_5
240,1,185,225,0.25624149,2.0,0.001,136.1396,1.0,86.4,0.03,2,1.0,0,orbacken_sfr_5
241,1,185,225,1.26941406,2.0,0.001,136.1396,1.0,86.4,0.03,2,1.0,0,orbacken_sfr_6
242,1,185,224,0.96711098,2.0,0.001,136.1263,1.0,86.4,0.03,2,1.0,0,orbacken_sfr_6
243,1,184,224,2.30838808,2.0,0.001,135.9911,1.0,86.4,0.03,2,1.0,0,orbacken_sfr_6
244,1,183,224,0.58387155,2.0,0.001,135.8363,1.0,86.4,0.03,2,1.0,0,orbacken_sfr_6
245,1,183,223,1.71288031,2.0,0.001,135.8071,1.0,86.4,0.03,2,1.0,0,orbacken_sfr_6
246,1,182,223,2.05346745,2.0,0.001,135.7169,1.0,86.4,0.03,2,1.0,0,orbacken_sfr_6
247,1,182,222,0.42376012,2.0,0.001,135.6399,1.0,86.4,0.03,2,1.0,0,orbacken_sfr_6
248,1,181,222,2.31324714,2.0,0.001,135.6185,1.0,86.4,0.03,2,1.0,0,orbacken_sfr_6
249,1,180,222,1.32154121,2.0,0.001,135.6184,1.0,86.4,0.03,2,1.0,0,orbacken_sfr_6
250,1,180,221,0.88614993,2.0,0.001,135.5966,1.0,86.4,0.03,2,1.0,0,orbacken_sfr_6
251,1,179,221,2.17387592,2.0,0.001,135.5965,1.0,86.4,0.03,2,1.0,0,orbacken_sfr_6
252,1,178,221,2.13424328,2.0,0.001,135.5964,1.0,86.4,0.03,2,1.0,0,orbacken_sfr_6
253,1,178,220,0.02260915,2.0,0.001,135.5963,1.0,86.4,0.03,2,1.0,0,orbacken_sfr_6
254,1,177,220,2.17527011,2.0,0.001,135.5962,1.0,86.4,0.03,2,1.0,0,orbacken_sfr_6
255,1,176,220,2.12091251,2.0,0.001,135.5618,1.0,86.4,0.03,2,1.0,0,orbacken_sfr_6
256,1,175,220,1.70631457,2.0,0.001,135.5617,1.0,86.4,0.03,2,1.0,0,orbacken_sfr_6
257,1,175,219,0.36089019,2.0,0.001,135.5616,1.0,86.4,0.03,2,1.0,0,orbacken_sfr_6
258,1,174,219,2.07269149,2.0,0.001,135.5615,1.0,86.4,0.03,2,1.0,0,orbacken_sfr_6
259,1,173,219,2.09869961,2.0,0.001,135.5614,1.0,86.4,0.03,2,1.0,0,orbacken_sfr_6
260,1,172,219,2.04610182,2.0,0.001,135.5613,1.0,86.4,0.03,2,1.0,0,orbacken_sfr_6
261,1,171,219,2.13001019,2.0,0.001,135.5612,1.0,86.4,0.03,2,1.0,0,orbacken_sfr_6
262,1,170,219,1.48760479,2.0,0.001,135.5611,1.0,86.4,0.03,2,1.0,0,orbacken_sfr_6
263,1,170,220,1.45077107,2.0,0.001,135.561,1.0,86.4,0.03,2,1.0,0,orbacken_sfr_6
264,1,171,220,0.65648738,2.0,0.001,135.5609,1.0,86.4,0.03,2,1.0,0,orbacken_sfr_6
265,1,171,221,2.15879292,2.0,0.001,135.5608,1.0,86.4,0.03,2,1.0,0,orbacken_sfr_6
266,1,171,222,0.76232303,2.0,0.001,135.5607,1.0,86.4,0.03,2,1.0,0,orbacken_sfr_6
267,1,171,222,1.09440533,2.0,0.001,135.5606,1.0,86.4,0.03,2,1.0,0,orbacken_sfr_7
268,1,170,222,1.83287295,2.0,0.001,135.5605,1.0,86.4,0.03,2,1.0,0,orbacken_sfr_7
269,1,170,223,0.37828525,2.0,0.001,135.5604,1.0,86.4,0.03,2,1.0,0,orbacken_sfr_7
270,1,169,223,2.2111582,2.0,0.001,135.5603,1.0,86.4,0.03,2,1.0,0,orbacken_sfr_7
271,1,168,223,2.10025654,2.0,0.001,135.5602,1.0,86.4,0.03,2,1.0,0,orbacken_sfr_7
272,1,168,224,0.11090165,2.0,0.001,135.5601,1.0,86.4,0.03,2,1.0,0,orbacken_sfr_7
273,1,167,224,2.2111582,2.0,0.001,135.56,1.0,86.4,0.03,2,1.0,0,orbacken_sfr_7
274,1,166,224,2.2111582,2.0,0.001,135.5599,1.0,86.4,0.03,2,1.0,0,orbacken_sfr_7
275,1,165,224,0.15648194,2.0,0.001,135.5598,1.0,86.4,0.03,2,1.0,0,orbacken_sfr_7
276,1,165,225,2.43841098,2.0,0.001,135.5597,1.0,86.4,0.03,2,1.0,0,orbacken_sfr_7
277,1,164,225,1.03095918,2.0,0.001,135.5596,1.0,86.4,0.03,2,1.0,0,orbacken_sfr_7
278,1,164,226,1.24699433,2.0,0.001,135.5595,1.0,86.4,0.03,2,1.0,0,orbacken_sfr_7
279,1,163,226,2.00465018,2.0,0.001,135.5594,1.0,86.4,0.03,2,1.0,0,orbacken_sfr_7
280,1,162,226,2.17904671,2.0,0.001,135.5593,1.0,86.4,0.03,2,1.0,0,orbacken_sfr_7
281,1,161,226,2.07296285,2.0,0.001,135.5592,1.0,86.4,0.03,2,1.0,0,orbacken_sfr_7
282,1,160,226,2.00468669,2.0,0.001,135.5355,1.0,86.4,0.03,2,1.0,0,orbacken_sfr_7
283,1,159,226,2.00625756,2.0,0.001,135.5053,1.0,86.4,0.03,2,1.0,0,orbacken_sfr_7
284,1,158,226,2.05193617,2.0,0.001,135.431,1.0,86.4,0.03,2,1.0,0,orbacken_sfr_7
285,1,157,226,2.02353668,2.0,0.001,135.3887,1.0,86.4,0.03,2,1.0,0,orbacken_sfr_7
286,1,156,226,2.03239314,2.0,0.001,135.3477,1.0,86.4,0.03,2,1.0,0,orbacken_sfr_7
287,1,155,226,2.00111795,2.0,0.001,135.3337,1.0,86.4,0.03,2,1.0,0,orbacken_sfr_7
288,1,154,226,2.00111795,2.0,0.001,135.3336,1.0,86.4,0.03,2,1.0,0,orbacken_sfr_7
289,1,153,226,2.00601361,2.0,0.001,135.3335,1.0,86.4,0.03,2,1.0,0,orbacken_sfr_7
290,1,152,226,2.04078649,2.0,0.001,135.3334,1.0,86.4,0.03,2,1.0,0,orbacken_sfr_7
291,1,151,226,2.03700558,2.0,0.001,135.3333,1.0,86.4,0.03,2,1.0,0,orbacken_sfr_7
292,1,150,226,2.00997512,2.0,0.001,135.3332,1.0,86.4,0.03,2,1.0,0,orbacken_sfr_7
293,1,149,226,2.00997512,2.0,0.001,135.3331,1.0,86.4,0.03,2,1.0,0,orbacken_sfr_7
294,1,148,226,0.73207185,2.0,0.001,135.333,1.0,86.4,0.03,2,1.0,0,orbacken_sfr_7
295,1,148,225,1.31745589,2.0,0.001,135.3329,1.0,86.4,0.03,2,1.0,0,orbacken_sfr_7
296,1,147,225,2.05504198,2.0,0.001,135.3328,1.0,86.4,0.03,2,1.0,0,orbacken_sfr_7
297,1,146,225,2.25237522,2.0,0.001,135.3327,1.0,86.4,0.03,2,1.0,0,orbacken_sfr_7
298,1,146,224,0.15945797,2.0,0.001,135.3326,1.0,86.4,0.03,2,1.0,0,orbacken_sfr_7
299,1,145,224,2.42277862,2.0,0.001,135.3325,1.0,86.4,0.03,2,1.0,0,orbacken_sfr_7
300,1,144,224,1.01452868,2.0,0.001,135.2835,1.0,86.4,0.03,2,1.0,0,orbacken_sfr_7
301,1,144,223,1.35042102,2.0,0.001,135.2406,1.0,86.4,0.03,2,1.0,0,orbacken_sfr_7
302,1,143,223,2.3649497,2.0,0.001,135.158,1.0,86.4,0.03,2,1.0,0,orbacken_sfr_7
303,1,142,223,0.03216496,2.0,0.001,135.139,1.0,86.4,0.03,2,1.0,0,orbacken_sfr_7
304,1,142,222,2.33278474,2.0,0.001,135.0937,1.0,86.4,0.03,2,1.0,0,orbacken_sfr_7
305,1,141,222,1.35822525,2.0,0.001,135.0521,1.0,86.4,0.03,2,1.0,0,orbacken_sfr_7
306,1,141,221,1.1387623,2.0,0.001,135.0415,1.0,86.4,0.03,2,1.0,0,orbacken_sfr_7
307,1,140,221,1.97784899,2.0,0.001,134.9939,1.0,86.4,0.03,2,1.0,0,orbacken_sfr_7
308,1,140,220,0.6299278,2.0,0.001,134.9938,1.0,86.4,0.03,2,1.0,0,orbacken_sfr_7
309,1,139,220,2.43432982,2.0,0.001,134.922,1.0,86.4,0.03,2,1.0,0,orbacken_sfr_7
310,1,138,220,0.40584107,2.0,0.001,134.8427,1.0,86.4,0.03,2,1.0,0,orbacken_sfr_7
311,1,138,219,0.55527123,2.0,0.001,134.8426,1.0,86.4,0.03,2,1.0,0,orbacken_sfr_7
312,1,138,219,1.19836362,2.0,0.001,134.8425,1.0,86.4,0.03,2,1.0,0,orbacken_sfr_8
313,1,137,219,0.60719686,2.0,0.001,134.8424,1.0,86.4,0.03,2,1.0,0,orbacken_sfr_8
314,1,137,220,1.94520728,2.0,0.001,134.8423,1.0,86.4,0.03,2,1.0,0,orbacken_sfr_8
315,1,136,220,0.97464737,2.0,0.001,134.8422,1.0,86.4,0.03,2,1.0,0,orbacken_sfr_8
316,1,136,221,1.82856405,2.0,0.001,134.8421,1.0,86.4,0.03,2,1.0,0,orbacken_sfr_8
317,1,135,221,0.99986308,2.0,0.001,134.842,1.0,86.4,0.03,2,1.0,0,orbacken_sfr_8
318,1,135,222,2.37863366,2.0,0.001,134.8419,1.0,86.4,0.03,2,1.0,0,orbacken_sfr_8
319,1,134,222,0.01674978,2.0,0.001,134.8418,1.0,86.4,0.03,2,1.0,0,orbacken_sfr_8
320,1,134,223,2.1617527,2.0,0.001,134.8417,1.0,86.4,0.03,2,1.0,0,orbacken_sfr_8
321,1,134,224,2.0354577,2.0,0.001,134.8416,1.0,86.4,0.03,2,1.0,0,orbacken_sfr_8
322,1,134,225,2.04194764,2.0,0.001,134.8415,1.0,86.4,0.03,2,1.0,0,orbacken_sfr_8
323,1,134,226,2.04194764,2.0,0.001,134.8414,1.0,86.4,0.03,2,1.0,0,orbacken_sfr_8
324,1,134,227,0.2143575,2.0,0.001,134.8413,1.0,86.4,0.03,2,1.0,0,orbacken_sfr_8
325,1,133,227,2.20281271,2.0,0.001,134.8412,1.0,86.4,0.03,2,1.0,0,orbacken_sfr_8
326,1,133,228,1.27768524,2.0,0.001,134.8411,1.0,86.4,0.03,2,1.0,0,orbacken_sfr_8
327,1,132,228,1.34077649,2.0,0.001,134.841,1.0,86.4,0.03,2,1.0,0,orbacken_sfr_8
328,1,132,229,1.33385617,2.0,0.001,134.8409,1.0,86.4,0.03,2,1.0,0,orbacken_sfr_8
329,1,131,229,2.36366116,2.0,0.001,134.7808,1.0,86.4,0.03,2,1.0,0,orbacken_sfr_8
330,1,130,229,0.26534141,2.0,0.001,134.6641,1.0,86.4,0.03,2,1.0,0,orbacken_sfr_8
331,1,130,230,1.75748517,2.0,0.001,134.664,1.0,86.4,0.03,2,1.0,0,orbacken_sfr_8
332,1,129,230,2.09260275,2.0,0.001,134.6639,1.0,86.4,0.03,2,1.0,0,orbacken_sfr_8
333,1,128,230,2.04723196,2.0,0.001,134.6638,1.0,86.4,0.03,2,1.0,0,orbacken_sfr_8
334,1,127,230,2.29495628,2.0,0.001,134.6637,1.0,86.4,0.03,2,1.0,0,orbacken_sfr_8
335,1,127,229,0.39831693,2.0,0.001,134.6636,1.0,86.4,0.03,2,1.0,0,orbacken_sfr_8
336,1,126,229,1.7277896,2.0,0.001,134.6635,1.0,86.4,0.03,2,1.0,0,orbacken_sfr_8
337,1,126,228,2.00006096,2.0,0.001,134.6634,1.0,86.4,0.03,2,1.0,0,orbacken_sfr_8
338,1,126,227,2.02059548,2.0,0.001,134.6633,1.0,86.4,0.03,2,1.0,0,orbacken_sfr_8
339,1,126,226,0.81613226,2.0,0.001,134.6158,1.0,86.4,0.03,2,1.0,0,orbacken_sfr_8
340,1,127,226,1.57973434,2.0,0.001,134.5344,1.0,86.4,0.03,2,1.0,0,orbacken_sfr_8
341,1,127,225,2.19043642,2.0,0.001,134.5343,1.0,86.4,0.03,2,1.0,0,orbacken_sfr_8
342,1,127,224,0.41977995,2.0,0.001,134.5342,1.0,86.4,0.03,2,1.0,0,orbacken_sfr_8
343,1,128,224,1.6998888,2.0,0.001,134.5341,1.0,86.4,0.03,2,1.0,0,orbacken_sfr_8
344,1,128,223,0.43414235,2.0,0.001,134.534,1.0,86.4,0.03,2,1.0,0,orbacken_sfr_8
345,1,127,223,1.65205221,2.0,0.001,134.5339,1.0,86.4,0.03,2,1.0,0,orbacken_sfr_8
346,1,127,222,2.10043884,2.0,0.001,134.4944,1.0,86.4,0.03,2,1.0,0,orbacken_sfr_8
347,1,127,221,2.14546225,2.0,0.001,134.4743,1.0,86.4,0.03,2,1.0,0,orbacken_sfr_8
348,1,126,221,0.06988749,2.0,0.001,134.4602,1.0,86.4,0.03,2,1.0,0,orbacken_sfr_8
349,1,126,220,2.58929743,2.0,0.001,134.4562,1.0,86.4,0.03,2,1.0,0,orbacken_sfr_8
350,1,126,219,0.49191008,2.0,0.001,134.4561,1.0,86.4,0.03,2,1.0,0,orbacken_sfr_8
351,1,125,219,2.38499062,2.0,0.001,134.456,1.0,86.4,0.03,2,1.0,0,orbacken_sfr_8
352,1,125,218,0.36849244,2.0,0.001,134.4559,1.0,86.4,0.03,2,1.0,0,orbacken_sfr_8
353,1,124,218,2.57048349,2.0,0.001,134.4346,1.0,86.4,0.03,2,1.0,0,orbacken_sfr_8
354,1,123,218,0.24202409,2.0,0.001,134.4237,1.0,86.4,0.03,2,1.0,0,orbacken_sfr_8
355,1,123,217,2.06163771,2.0,0.001,134.4236,1.0,86.4,0.03,2,1.0,0,orbacken_sfr_8
356,1,122,217,2.13023114,2.0,0.001,134.3965,1.0,86.4,0.03,2,1.0,0,orbacken_sfr_8
357,1,121,217,1.10036195,2.0,0.001,134.3721,1.0,86.4,0.03,2,1.0,0,orbacken_sfr_8
358,1,121,216,0.98220307,2.0,0.001,134.3474,1.0,86.4,0.03,2,1.0,0,orbacken_sfr_8
359,1,120,216,2.05610211,2.0,0.001,134.3327,1.0,86.4,0.03,2,1.0,0,orbacken_sfr_8
360,1,119,216,0.07538952,2.0,0.001,134.3326,1.0,86.4,0.03,2,1.0,0,orbacken_sfr_8
361,1,119,217,2.07354728,2.0,0.001,134.3325,1.0,86.4,0.03,2,1.0,0,orbacken_sfr_8
362,1,118,217,2.06495842,2.0,0.001,134.3324,1.0,86.4,0.03,2,1.0,0,orbacken_sfr_8
363,1,117,217,2.37591286,2.0,0.001,134.3323,1.0,86.4,0.03,2,1.0,0,orbacken_sfr_8
364,1,117,218,2.4129194,2.0,0.001,134.3322,1.0,86.4,0.03,2,1.0,0,orbacken_sfr_8
365,1,117,219,0.60034057,2.0,0.001,134.3321,1.0,86.4,0.03,2,1.0,0,orbacken_sfr_8
366,1,118,219,2.22386606,2.0,0.001,134.332,1.0,86.4,0.03,2,1.0,0,orbacken_sfr_8
367,1,118,220,0.99973738,2.0,0.001,134.3319,1.0,86.4,0.03,2,1.0,0,orbacken_sfr_8
368,1,119,220,1.28962306,2.0,0.001,134.3318,1.0,86.4,0.03,2,1.0,0,orbacken_sfr_8
369,1,119,221,2.15348947,2.0,0.001,134.3317,1.0,86.4,0.03,2,1.0,0,orbacken_sfr_8
370,1,119,222,2.10318866,2.0,0.001,134.3249,1.0,86.4,0.03,2,1.0,0,orbacken_sfr_8
371,1,119,223,1.96718095,2.0,0.001,134.3248,1.0,86.4,0.03,2,1.0,0,orbacken_sfr_8
372,1,118,223,0.93970426,2.0,0.001,134.2808,1.0,86.4,0.03,2,1.0,0,orbacken_sfr_8
373,1,118,224,1.28192132,2.0,0.001,134.2807,1.0,86.4,0.03,2,1.0,0,orbacken_sfr_8
374,1,117,224,2.0614287,2.0,0.001,134.2806,1.0,86.4,0.03,2,1.0,0,orbacken_sfr_8
375,1,116,224,2.06696199,2.0,0.001,134.2805,1.0,86.4,0.03,2,1.0,0,orbacken_sfr_8
376,1,115,224,1.25904726,2.0,0.001,134.2804,1.0,86.4,0.03,2,1.0,0,orbacken_sfr_8
377,1,115,223,1.19168295,2.0,0.001,134.2803,1.0,86.4,0.03,2,1.0,0,orbacken_sfr_8
378,1,114,223,1.34922362,2.0,0.001,134.2802,1.0,86.4,0.03,2,1.0,0,orbacken_sfr_8
379,1,114,222,2.02832489,2.0,0.001,134.2801,1.0,86.4,0.03,2,1.0,0,orbacken_sfr_8
380,1,114,221,2.00920092,2.0,0.001,134.28,1.0,86.4,0.03,2,1.0,0,orbacken_sfr_8
381,1,114,220,2.39874262,2.0,0.001,134.2799,1.0,86.4,0.03,2,1.0,0,orbacken_sfr_8
382,1,113,220,0.01756607,2.0,0.001,134.2798,1.0,86.4,0.03,2,1.0,0,orbacken_sfr_8
383,1,113,219,2.43584053,2.0,0.001,134.2797,1.0,86.4,0.03,2,1.0,0,orbacken_sfr_8
384,1,113,218,1.20608325,2.0,0.001,134.2796,1.0,86.4,0.03,2,1.0,0,orbacken_sfr_8
385,1,112,218,1.04040128,2.0,0.001,134.2795,1.0,86.4,0.03,2,1.0,0,orbacken_sfr_8
386,1,112,217,1.25238706,2.0,0.001,134.2794,1.0,86.4,0.03,2,1.0,0,orbacken_sfr_8
387,1,113,217,0.81033295,2.0,0.001,134.2793,1.0,86.4,0.03,2,1.0,0,orbacken_sfr_8
388,1,113,216,2.10041267,2.0,0.001,134.2792,1.0,86.4,0.03,2,1.0,0,orbacken_sfr_8
389,1,113,215,2.08081032,2.0,0.001,134.2791,1.0,86.4,0.03,2,1.0,0,orbacken_sfr_8
390,1,113,214,1.79030157,2.0,0.001,134.279,1.0,86.4,0.03,2,1.0,0,orbacken_sfr_8
391,1,114,214,0.30576373,2.0,0.001,134.2789,1.0,86.4,0.03,2,1.0,0,orbacken_sfr_8
392,1,114,213,2.11358293,2.0,0.001,134.2788,1.0,86.4,0.03,2,1.0,0,orbacken_sfr_8
393,1,114,212,2.07614628,2.0,0.001,134.2787,1.0,86.4,0.03,2,1.0,0,orbacken_sfr_8
394,1,115,212,0.43621672,2.0,0.001,134.2786,1.0,86.4,0.03,2,1.0,0,orbacken_sfr_8
395,1,115,211,1.97866094,2.0,0.001,134.2785,1.0,86.4,0.03,2,1.0,0,orbacken_sfr_8
396,1,116,211,2.00892059,2.0,0.001,134.2784,1.0,86.4,0.03,2,1.0,0,orbacken_sfr_8
397,1,117,211,2.03126199,2.0,0.001,134.2783,1.0,86.4,0.03,2,1.0,0,orbacken_sfr_8
398,1,118,211,2.02884467,2.0,0.001,134.2782,1.0,86.4,0.03,2,1.0,0,orbacken_sfr_8
399,1,119,211,1.58187768,2.0,0.001,134.2742,1.0,86.4,0.03,2,1.0,0,orbacken_sfr_8
400,1,119,212,0.45783251,2.0,0.001,134.2362,1.0,86.4,0.03,2,1.0,0,orbacken_sfr_8
401,1,120,212,2.04260845,2.0,0.001,134.2331,1.0,86.4,0.03,2,1.0,0,orbacken_sfr_8
402,1,121,212,2.11000489,2.0,0.001,134.233,1.0,86.4,0.03,2,1.0,0,orbacken_sfr_8
403,1,122,212,0.38315653,2.0,0.001,134.2329,1.0,86.4,0.03,2,1.0,0,orbacken_sfr_8
404,1,122,211,2.61709578,2.0,0.001,134.2328,1.0,86.4,0.03,2,1.0,0,orbacken_sfr_8
405,1,123,211,0.08477496,2.0,0.001,134.2327,1.0,86.4,0.03,2,1.0,0,orbacken_sfr_8
406,1,123,210,2.16609292,2.0,0.001,134.2326,1.0,86.4,0.03,2,1.0,0,orbacken_sfr_8
407,1,123,209,1.35013472,2.0,0.001,134.2325,1.0,86.4,0.03,2,1.0,0,orbacken_sfr_8
408,1,123,209,0.69621411,2.0,0.001,134.2324,1.0,86.4,0.03,2,1.0,0,orbacken_sfr_9
409,1,123,208,1.70354231,2.0,0.001,134.2323,1.0,86.4,0.03,2,1.0,0,orbacken_sfr_9
410,1,122,208,0.44474975,2.0,0.001,134.2322,1.0,86.4,0.03,2,1.0,0,orbacken_sfr_9
411,1,122,207,2.33976422,2.0,0.001,134.2184,1.0,86.4,0.03,2,1.0,0,orbacken_sfr_9
412,1,122,206,1.1054818,2.0,0.001,134.2091,1.0,86.4,0.03,2,1.0,0,orbacken_sfr_9
413,1,121,206,1.29821905,2.0,0.001,134.142,1.0,86.4,0.03,2,1.0,0,orbacken_sfr_9
414,1,121,205,2.07085216,2.0,0.001,134.0727,1.0,86.4,0.03,2,1.0,0,orbacken_sfr_9
415,1,121,204,2.02238602,2.0,0.001,134.064,1.0,86.4,0.03,2,1.0,0,orbacken_sfr_9
416,1,121,203,2.07293386,2.0,0.001,134.0639,1.0,86.4,0.03,2,1.0,0,orbacken_sfr_9
417,1,121,202,0.25389706,2.0,0.001,134.0638,1.0,86.4,0.03,2,1.0,0,orbacken_sfr_9
418,1,120,202,1.94845416,2.0,0.001,133.9943,1.0,86.4,0.03,2,1.0,0,orbacken_sfr_9
419,1,120,201,2.06981837,2.0,0.001,133.9942,1.0,86.4,0.03,2,1.0,0,orbacken_sfr_9
420,1,120,200,1.28385266,2.0,0.001,133.9941,1.0,86.4,0.03,2,1.0,0,orbacken_sfr_9
421,1,121,200,1.07813924,2.0,0.001,133.994,1.0,86.4,0.03,2,1.0,0,orbacken_sfr_9
422,1,121,199,2.25670263,2.0,0.001,133.9939,1.0,86.4,0.03,2,1.0,0,orbacken_sfr_9
423,1,121,198,1.10833351,2.0,0.001,133.9938,1.0,86.4,0.03,2,1.0,0,orbacken_sfr_9
424,1,122,198,1.05028529,2.0,0.001,133.9937,1.0,86.4,0.03,2,1.0,0,orbacken_sfr_9
425,1,122,197,2.01830033,2.0,0.001,133.9936,1.0,86.4,0.03,2,1.0,0,orbacken_sfr_9
426,1,122,196,2.01830033,2.0,0.001,133.9935,1.0,86.4,0.03,2,1.0,0,orbacken_sfr_9
427,1,122,195,2.01830033,2.0,0.001,133.9934,1.0,86.4,0.03,2,1.0,0,orbacken_sfr_9
428,1,122,194,2.01830033,2.0,0.001,133.9933,1.0,86.4,0.03,2,1.0,0,orbacken_sfr_9
429,1,122,193,2.01830033,2.0,0.001,133.9932,1.0,86.4,0.03,2,1.0,0,orbacken_sfr_9
430,1,122,192,1.92767358,2.0,0.001,133.9931,1.0,86.4,0.03,2,1.0,0,orbacken_sfr_9
431,1,123,192,0.09062674,2.0,0.001,133.993,1.0,86.4,0.03,2,1.0,0,orbacken_sfr_9
432,1,123,191,2.01830033,2.0,0.001,133.9929,1.0,86.4,0.03,2,1.0,0,orbacken_sfr_9
433,1,123,190,2.01830033,2.0,0.001,133.9928,1.0,86.4,0.03,2,1.0,0,orbacken_sfr_9
434,1,123,189,2.01830033,2.0,0.001,133.9927,1.0,86.4,0.03,2,1.0,0,orbacken_sfr_9
435,1,123,188,2.03618312,2.0,0.001,133.9926,1.0,86.4,0.03,2,1.0,0,orbacken_sfr_9
436,1,123,187,2.02848277,2.0,0.001,133.9925,1.0,86.4,0.03,2,1.0,0,orbacken_sfr_9
437,1,123,186,2.01027693,2.0,0.001,133.9924,1.0,86.4,0.03,2,1.0,0,orbacken_sfr_9
438,1,123,185,2.00236276,2.0,0.001,133.9923,1.0,86.4,0.03,2,1.0,0,orbacken_sfr_9
439,1,123,184,0.70960842,2.0,0.001,133.9922,1.0,86.4,0.03,2,1.0,0,orbacken_sfr_9
440,1,122,184,1.29149179,2.0,0.001,133.9921,1.0,86.4,0.03,2,1.0,0,orbacken_sfr_9
441,1,122,183,2.00186956,2.0,0.001,133.992,1.0,86.4,0.03,2,1.0,0,orbacken_sfr_9
442,1,122,182,0.71411731,2.0,0.001,133.9919,1.0,86.4,0.03,2,1.0,0,orbacken_sfr_9
443,1,123,182,1.30994323,2.0,0.001,133.9918,1.0,86.4,0.03,2,1.0,0,orbacken_sfr_9
444,1,123,181,2.02406054,2.0,0.001,133.9917,1.0,86.4,0.03,2,1.0,0,orbacken_sfr_9
445,1,123,180,2.01335485,2.0,0.001,133.9916,1.0,86.4,0.03,2,1.0,0,orbacken_sfr_9
446,1,123,179,2.00476934,2.0,0.001,133.9915,1.0,86.4,0.03,2,1.0,0,orbacken_sfr_9
447,1,123,178,2.03549191,2.0,0.001,133.9914,1.0,86.4,0.03,2,1.0,0,orbacken_sfr_9
448,1,123,177,0.40292459,2.0,0.001,133.9913,1.0,86.4,0.03,2,1.0,0,orbacken_sfr_9
449,1,122,177,1.65044657,2.0,0.001,133.9912,1.0,86.4,0.03,2,1.0,0,orbacken_sfr_9
450,1,122,176,2.09978877,2.0,0.001,133.9894,1.0,86.4,0.03,2,1.0,0,orbacken_sfr_9
451,1,122,175,2.12812726,2.0,0.001,133.9893,1.0,86.4,0.03,2,1.0,0,orbacken_sfr_9
452,1,122,174,0.79294722,2.0,0.001,133.9892,1.0,86.4,0.03,2,1.0,0,orbacken_sfr_9
453,1,121,174,1.33518004,2.0,0.001,133.9215,1.0,86.4,0.03,2,1.0,0,orbacken_sfr_9
454,1,121,173,2.1293092,2.0,0.001,133.9214,1.0,86.4,0.03,2,1.0,0,orbacken_sfr_9
455,1,121,172,2.0013662,2.0,0.001,133.9213,1.0,86.4,0.03,2,1.0,0,orbacken_sfr_9
456,1,120,172,0.18750883,2.0,0.001,133.9196,1.0,86.4,0.03,2,1.0,0,orbacken_sfr_9
457,1,120,171,2.18887503,2.0,0.001,133.9195,1.0,86.4,0.03,2,1.0,0,orbacken_sfr_9
458,1,120,170,2.18887503,2.0,0.001,133.9194,1.0,86.4,0.03,2,1.0,0,orbacken_sfr_9
459,1,120,169,0.35643941,2.0,0.001,133.9193,1.0,86.4,0.03,2,1.0,0,orbacken_sfr_9
460,1,119,169,1.85143111,2.0,0.001,133.9192,1.0,86.4,0.03,2,1.0,0,orbacken_sfr_9
461,1,119,168,2.26008188,2.0,0.001,133.9191,1.0,86.4,0.03,2,1.0,0,orbacken_sfr_9
462,1,119,167,0.3419269,2.0,0.001,133.919,1.0,86.4,0.03,2,1.0,0,orbacken_sfr_9
463,1,118,167,1.8950371,2.0,0.001,133.9189,1.0,86.4,0.03,2,1.0,0,orbacken_sfr_9
464,1,118,166,2.22682899,2.0,0.001,133.9121,1.0,86.4,0.03,2,1.0,0,orbacken_sfr_9
465,1,118,165,0.41778059,2.0,0.001,133.898,1.0,86.4,0.03,2,1.0,0,orbacken_sfr_9
466,1,117,165,1.78131365,2.0,0.001,133.8322,1.0,86.4,0.03,2,1.0,0,orbacken_sfr_9
467,1,117,164,2.19598379,2.0,0.001,133.7847,1.0,86.4,0.03,2,1.0,0,orbacken_sfr_9
468,1,117,163,0.86589968,2.0,0.001,133.7803,1.0,86.4,0.03,2,1.0,0,orbacken_sfr_9
469,1,116,163,1.33008411,2.0,0.001,133.7528,1.0,86.4,0.03,2,1.0,0,orbacken_sfr_9
470,1,116,162,2.16665079,2.0,0.001,133.7527,1.0,86.4,0.03,2,1.0,0,orbacken_sfr_9
471,1,116,161,1.62258993,2.0,0.001,133.7526,1.0,86.4,0.03,2,1.0,0,orbacken_sfr_9
472,1,115,161,0.54032493,2.0,0.001,133.7525,1.0,86.4,0.03,2,1.0,0,orbacken_sfr_9
473,1,115,160,2.22375953,2.0,0.001,133.7524,1.0,86.4,0.03,2,1.0,0,orbacken_sfr_9
474,1,115,159,1.71513724,2.0,0.001,133.7523,1.0,86.4,0.03,2,1.0,0,orbacken_sfr_9
475,1,114,159,0.65842636,2.0,0.001,133.7522,1.0,86.4,0.03,2,1.0,0,orbacken_sfr_9
476,1,114,158,2.22744226,2.0,0.001,133.7521,1.0,86.4,0.03,2,1.0,0,orbacken_sfr_9
477,1,113,158,0.73270981,2.0,0.001,133.752,1.0,86.4,0.03,2,1.0,0,orbacken_sfr_9
478,1,113,157,0.31179223,2.0,0.001,133.7519,1.0,86.4,0.03,2,1.0,0,orbacken_sfr_9
479,1,113,157,1.27944048,2.0,0.001,133.7518,1.0,86.4,0.03,2,1.0,0,orbacken_sfr_10
480,1,112,157,2.0084992,2.0,0.001,133.7517,1.0,86.4,0.03,2,1.0,0,orbacken_sfr_10
481,1,111,157,2.05953006,2.0,0.001,133.7516,1.0,86.4,0.03,2,1.0,0,orbacken_sfr_10
482,1,110,157,2.20969239,2.0,0.001,133.7515,1.0,86.4,0.03,2,1.0,0,orbacken_sfr_10
483,1,110,158,0.12168971,2.0,0.001,133.7514,1.0,86.4,0.03,2,1.0,0,orbacken_sfr_10
484,1,109,158,2.18881099,2.0,0.001,133.7435,1.0,86.4,0.03,2,1.0,0,orbacken_sfr_10
485,1,108,158,2.15845768,2.0,0.001,133.7265,1.0,86.4,0.03,2,1.0,0,orbacken_sfr_10
486,1,107,158,0.54050799,2.0,0.001,133.7226,1.0,86.4,0.03,2,1.0,0,orbacken_sfr_10
487,1,107,159,1.75320222,2.0,0.001,133.7162,1.0,86.4,0.03,2,1.0,0,orbacken_sfr_10
488,1,106,159,2.0578285,2.0,0.001,133.7135,1.0,86.4,0.03,2,1.0,0,orbacken_sfr_10
489,1,105,159,2.05952578,2.0,0.001,133.7134,1.0,86.4,0.03,2,1.0,0,orbacken_sfr_10
490,1,104,159,2.00170183,2.0,0.001,133.7133,1.0,86.4,0.03,2,1.0,0,orbacken_sfr_10
491,1,103,159,2.00329276,2.0,0.001,133.7132,1.0,86.4,0.03,2,1.0,0,orbacken_sfr_10
492,1,102,159,2.00740886,2.0,0.001,133.7131,1.0,86.4,0.03,2,1.0,0,orbacken_sfr_10
493,1,101,159,2.10633455,2.0,0.001,133.713,1.0,86.4,0.03,2,1.0,0,orbacken_sfr_10
494,1,100,159,0.04696426,2.0,0.001,133.7129,1.0,86.4,0.03,2,1.0,0,orbacken_sfr_10
495,1,100,160,2.01050402,2.0,0.001,133.7128,1.0,86.4,0.03,2,1.0,0,orbacken_sfr_10
496,1,99,160,2.00836595,2.0,0.001,133.6907,1.0,86.4,0.03,2,1.0,0,orbacken_sfr_10
497,1,98,160,2.02071429,2.0,0.001,133.5909,1.0,86.4,0.03,2,1.0,0,orbacken_sfr_10
498,1,97,160,1.14165595,2.0,0.001,133.4656,1.0,86.4,0.03,2,1.0,0,orbacken_sfr_10
499,1,97,160,1.05422695,2.0,0.001,133.4656,1.0,86.4,0.03,2,1.0,0,orbacken_sfr_11
500,1,96,160,0.25293016,2.0,0.001,133.3687,1.0,86.4,0.03,2,1.0,0,orbacken_sfr_11
501,1,96,159,2.1704488,2.0,0.001,133.3405,1.0,86.4,0.03,2,1.0,0,orbacken_sfr_11
502,1,95,159,1.7295594,2.0,0.001,133.2377,1.0,86.4,0.03,2,1.0,0,orbacken_sfr_11
503,1,95,158,0.50707289,2.0,0.001,133.2281,1.0,86.4,0.03,2,1.0,0,orbacken_sfr_11
504,1,94,158,2.27374677,2.0,0.001,133.1831,1.0,86.4,0.03,2,1.0,0,orbacken_sfr_11
505,1,93,158,1.38415483,2.0,0.001,133.183,1.0,86.4,0.03,2,1.0,0,orbacken_sfr_11
506,1,93,157,0.92722932,2.0,0.001,133.1829,1.0,86.4,0.03,2,1.0,0,orbacken_sfr_11
507,1,92,157,2.31138415,2.0,0.001,133.149,1.0,86.4,0.03,2,1.0,0,orbacken_sfr_11
508,1,91,157,0.75113499,2.0,0.001,133.1489,1.0,86.4,0.03,2,1.0,0,orbacken_sfr_11
509,1,91,156,1.62595889,2.0,0.001,133.1488,1.0,86.4,0.03,2,1.0,0,orbacken_sfr_11
510,1,90,156,1.94127291,2.0,0.001,133.1487,1.0,86.4,0.03,2,1.0,0,orbacken_sfr_11
511,1,90,155,0.48047142,2.0,0.001,133.1486,1.0,86.4,0.03,2,1.0,0,orbacken_sfr_11
512,1,89,155,2.25776036,2.0,0.001,133.1485,1.0,86.4,0.03,2,1.0,0,orbacken_sfr_11
513,1,88,155,1.61672034,2.0,0.001,133.1484,1.0,86.4,0.03,2,1.0,0,orbacken_sfr_11
514,1,88,154,0.59629502,2.0,0.001,133.1483,1.0,86.4,0.03,2,1.0,0,orbacken_sfr_11
515,1,87,154,2.21301535,2.0,0.001,133.1482,1.0,86.4,0.03,2,1.0,0,orbacken_sfr_11
516,1,86,154,2.10674237,2.0,0.001,133.1481,1.0,86.4,0.03,2,1.0,0,orbacken_sfr_11
517,1,85,154,0.82072526,2.0,0.001,133.148,1.0,86.4,0.03,2,1.0,0,orbacken_sfr_11
518,1,85,153,1.22714861,2.0,0.001,133.1479,1.0,86.4,0.03,2,1.0,0,orbacken_sfr_11
519,1,84,153,2.098762,2.0,0.001,133.1478,1.0,86.4,0.03,2,1.0,0,orbacken_sfr_11
520,1,83,153,2.26363752,2.0,0.001,133.1413,1.0,86.4,0.03,2,1.0,0,orbacken_sfr_11
521,1,82,153,0.19120761,2.0,0.001,133.1143,1.0,86.4,0.03,2,1.0,0,orbacken_sfr_11
522,1,82,152,2.07242991,2.0,0.001,133.082,1.0,86.4,0.03,2,1.0,0,orbacken_sfr_11
523,1,81,152,1.96170004,2.0,0.001,133.0733,1.0,86.4,0.03,2,1.0,0,orbacken_sfr_11
524,1,81,151,0.62073545,2.0,0.001,133.0732,1.0,86.4,0.03,2,1.0,0,orbacken_sfr_11
525,1,80,151,1.84510313,2.0,0.001,133.0731,1.0,86.4,0.03,2,1.0,0,orbacken_sfr_11
526,1,80,150,1.50031429,2.0,0.001,133.073,1.0,86.4,0.03,2,1.0,0,orbacken_sfr_11
527,1,79,150,1.08530838,2.0,0.001,133.0729,1.0,86.4,0.03,2,1.0,0,orbacken_sfr_11
528,1,79,149,1.9549615,2.0,0.001,133.0728,1.0,86.4,0.03,2,1.0,0,orbacken_sfr_11
529,1,78,149,0.70051354,2.0,0.001,133.0727,1.0,86.4,0.03,2,1.0,0,orbacken_sfr_11
530,1,78,148,2.10695671,2.0,0.001,133.0726,1.0,86.4,0.03,2,1.0,0,orbacken_sfr_11
531,1,77,148,0.90885603,2.0,0.001,133.0725,1.0,86.4,0.03,2,1.0,0,orbacken_sfr_11
532,1,77,147,1.66495405,2.0,0.001,133.0724,1.0,86.4,0.03,2,1.0,0,orbacken_sfr_11
533,1,76,147,1.51252975,2.0,0.001,133.0723,1.0,86.4,0.03,2,1.0,0,orbacken_sfr_11
534,1,76,146,1.06128032,2.0,0.001,133.0722,1.0,86.4,0.03,2,1.0,0,orbacken_sfr_11
535,1,75,146,2.11620348,2.0,0.001,133.0721,1.0,86.4,0.03,2,1.0,0,orbacken_sfr_11
536,1,75,145,0.45760659,2.0,0.001,133.072,1.0,86.4,0.03,2,1.0,0,orbacken_sfr_11
537,1,74,145,2.57381007,2.0,0.001,133.0719,1.0,86.4,0.03,2,1.0,0,orbacken_sfr_11
538,1,73,145,0.14606713,2.0,0.001,133.0718,1.0,86.4,0.03,2,1.0,0,orbacken_sfr_11
539,1,73,144,2.42774294,2.0,0.001,133.0717,1.0,86.4,0.03,2,1.0,0,orbacken_sfr_11
540,1,72,144,0.74974086,2.0,0.001,133.0716,1.0,86.4,0.03,2,1.0,0,orbacken_sfr_11
541,1,72,143,1.82406921,2.0,0.001,133.0715,1.0,86.4,0.03,2,1.0,0,orbacken_sfr_11
542,1,71,143,1.35341459,2.0,0.001,133.0714,1.0,86.4,0.03,2,1.0,0,orbacken_sfr_11
543,1,71,142,1.22039548,2.0,0.001,133.0713,1.0,86.4,0.03,2,1.0,0,orbacken_sfr_11
544,1,70,142,1.95708832,2.0,0.001,133.0712,1.0,86.4,0.03,2,1.0,0,orbacken_sfr_11
545,1,70,141,0.61672175,2.0,0.001,133.0711,1.0,86.4,0.03,2,1.0,0,orbacken_sfr_11
546,1,69,141,2.56076205,2.0,0.001,133.071,1.0,86.4,0.03,2,1.0,0,orbacken_sfr_11
547,1,69,140,0.01304803,2.0,0.001,133.0709,1.0,86.4,0.03,2,1.0,0,orbacken_sfr_11
548,1,68,140,2.57381007,2.0,0.001,133.0708,1.0,86.4,0.03,2,1.0,0,orbacken_sfr_11
549,1,67,140,0.5906257,2.0,0.001,133.0707,1.0,86.4,0.03,2,1.0,0,orbacken_sfr_11
550,1,67,139,1.98318437,2.0,0.001,133.0706,1.0,86.4,0.03,2,1.0,0,orbacken_sfr_11
551,1,66,139,1.19429943,2.0,0.001,133.0705,1.0,86.4,0.03,2,1.0,0,orbacken_sfr_11
552,1,66,138,1.37951064,2.0,0.001,133.0704,1.0,86.4,0.03,2,1.0,0,orbacken_sfr_11
553,1,65,138,1.79797316,2.0,0.001,133.0703,1.0,86.4,0.03,2,1.0,0,orbacken_sfr_11
554,1,65,137,0.78403962,2.0,0.001,133.0702,1.0,86.4,0.03,2,1.0,0,orbacken_sfr_11
555,1,64,137,2.26925314,2.0,0.001,133.0701,1.0,86.4,0.03,2,1.0,0,orbacken_sfr_11
556,1,64,136,0.39463355,2.0,0.001,133.07,1.0,86.4,0.03,2,1.0,0,orbacken_sfr_11
557,1,63,136,2.57545206,2.0,0.001,133.0699,1.0,86.4,0.03,2,1.0,0,orbacken_sfr_11
558,1,62,136,0.24438904,2.0,0.001,133.0698,1.0,86.4,0.03,2,1.0,0,orbacken_sfr_11
559,1,62,135,2.06133288,2.0,0.001,133.0697,1.0,86.4,0.03,2,1.0,0,orbacken_sfr_11
560,1,61,135,2.06242252,2.0,0.001,133.0696,1.0,86.4,0.03,2,1.0,0,orbacken_sfr_11
561,1,61,134,0.27944639,2.0,0.001,133.0695,1.0,86.4,0.03,2,1.0,0,orbacken_sfr_11
562,1,60,134,2.69399049,2.0,0.001,133.0694,1.0,86.4,0.03,2,1.0,0,orbacken_sfr_11
563,1,59,134,0.01179584,2.0,0.001,133.0547,1.0,86.4,0.03,2,1.0,0,orbacken_sfr_11
564,1,59,133,2.67772609,2.0,0.001,133.0546,1.0,86.4,0.03,2,1.0,0,orbacken_sfr_11
565,1,58,133,0.31481628,2.0,0.001,133.0545,1.0,86.4,0.03,2,1.0,0,orbacken_sfr_11
566,1,58,132,2.27669303,2.0,0.001,133.0544,1.0,86.4,0.03,2,1.0,0,orbacken_sfr_11
567,1,57,132,1.41835952,2.0,0.001,133.0543,1.0,86.4,0.03,2,1.0,0,orbacken_sfr_11
568,1,57,131,0.73700134,2.0,0.001,133.0542,1.0,86.4,0.03,2,1.0,0,orbacken_sfr_11
569,1,56,131,2.03641659,2.0,0.001,133.0541,1.0,86.4,0.03,2,1.0,0,orbacken_sfr_11
570,1,55,131,2.48297307,2.0,0.001,132.926,1.0,86.4,0.03,2,1.0,0,orbacken_sfr_11
571,1,55,130,0.38252274,2.0,0.001,132.9259,1.0,86.4,0.03,2,1.0,0,orbacken_sfr_11
572,1,54,130,1.91031082,2.0,0.001,132.9098,1.0,86.4,0.03,2,1.0,0,orbacken_sfr_11
573,1,54,129,2.16080298,2.0,0.001,132.9097,1.0,86.4,0.03,2,1.0,0,orbacken_sfr_11
574,1,53,129,0.15861346,2.0,0.001,132.8908,1.0,86.4,0.03,2,1.0,0,orbacken_sfr_11
575,1,53,128,2.41961515,2.0,0.001,132.8907,1.0,86.4,0.03,2,1.0,0,orbacken_sfr_11
576,1,53,127,0.83795881,2.0,0.001,132.8906,1.0,86.4,0.03,2,1.0,0,orbacken_sfr_11
577,1,52,127,2.10270063,2.0,0.001,132.8905,1.0,86.4,0.03,2,1.0,0,orbacken_sfr_11
578,1,51,127,2.02893994,2.0,0.001,132.8904,1.0,86.4,0.03,2,1.0,0,orbacken_sfr_11
579,1,50,127,2.01743756,2.0,0.001,132.8508,1.0,86.4,0.03,2,1.0,0,orbacken_sfr_11
580,1,49,127,1.13349068,2.0,0.001,132.8507,1.0,86.4,0.03,2,1.0,0,orbacken_sfr_11
581,1,49,127,1.27585298,2.0,0.001,132.8506,1.0,86.4,0.03,2,1.0,0,orbacken_sfr_12
582,1,48,127,0.60349688,2.0,0.001,132.8505,1.0,86.4,0.03,2,1.0,0,orbacken_sfr_12
583,1,48,126,2.31928135,2.0,0.001,132.8504,1.0,86.4,0.03,2,1.0,0,orbacken_sfr_12
584,1,48,125,2.04671344,2.0,0.001,132.8503,1.0,86.4,0.03,2,1.0,0,orbacken_sfr_12
585,1,48,124,0.42567622,2.0,0.001,132.8502,1.0,86.4,0.03,2,1.0,0,orbacken_sfr_12
586,1,47,124,1.92642189,2.0,0.001,132.8501,1.0,86.4,0.03,2,1.0,0,orbacken_sfr_12
587,1,47,123,2.1694498,2.0,0.001,132.85,1.0,86.4,0.03,2,1.0,0,orbacken_sfr_12
588,1,47,122,2.05249429,2.0,0.001,132.8499,1.0,86.4,0.03,2,1.0,0,orbacken_sfr_12
589,1,47,121,2.05347345,2.0,0.001,132.8498,1.0,86.4,0.03,2,1.0,0,orbacken_sfr_12
590,1,47,120,2.04087166,2.0,0.001,132.8497,1.0,86.4,0.03,2,1.0,0,orbacken_sfr_12
591,1,47,119,0.92756082,2.0,0.001,132.8496,1.0,86.4,0.03,2,1.0,0,orbacken_sfr_12
592,1,46,119,1.62578744,2.0,0.001,132.8495,1.0,86.4,0.03,2,1.0,0,orbacken_sfr_12
593,1,46,118,1.59139243,2.0,0.001,132.8494,1.0,86.4,0.03,2,1.0,0,orbacken_sfr_12
594,1,45,118,0.96195583,2.0,0.001,132.8493,1.0,86.4,0.03,2,1.0,0,orbacken_sfr_12
595,1,45,117,2.25522403,2.0,0.001,132.8492,1.0,86.4,0.03,2,1.0,0,orbacken_sfr_12
596,1,44,117,0.29812422,2.0,0.001,132.8491,1.0,86.4,0.03,2,1.0,0,orbacken_sfr_12
597,1,44,116,2.49987106,2.0,0.001,132.849,1.0,86.4,0.03,2,1.0,0,orbacken_sfr_12
598,1,44,115,0.63368924,2.0,0.001,132.8489,1.0,86.4,0.03,2,1.0,0,orbacken_sfr_12
599,1,43,115,1.68746835,2.0,0.001,132.8488,1.0,86.4,0.03,2,1.0,0,orbacken_sfr_12
600,1,43,114,2.25325066,2.0,0.001,132.8487,1.0,86.4,0.03,2,1.0,0,orbacken_sfr_12
601,1,42,114,0.06790694,2.0,0.001,132.8486,1.0,86.4,0.03,2,1.0,0,orbacken_sfr_12
602,1,42,113,2.3211576,2.0,0.001,132.8485,1.0,86.4,0.03,2,1.0,0,orbacken_sfr_12
603,1,42,112,1.55165448,2.0,0.001,132.8484,1.0,86.4,0.03,2,1.0,0,orbacken_sfr_12
604,1,41,112,0.76950312,2.0,0.001,132.8483,1.0,86.4,0.03,2,1.0,0,orbacken_sfr_12
605,1,41,111,2.3211576,2.0,0.001,132.8482,1.0,86.4,0.03,2,1.0,0,orbacken_sfr_12
606,1,41,110,0.8500583,2.0,0.001,132.8481,1.0,86.4,0.03,2,1.0,0,orbacken_sfr_12
607,1,40,110,1.43431097,2.0,0.001,132.848,1.0,86.4,0.03,2,1.0,0,orbacken_sfr_12
608,1,40,109,2.08769811,2.0,0.001,132.8479,1.0,86.4,0.03,2,1.0,0,orbacken_sfr_12
609,1,40,108,2.08769811,2.0,0.001,132.8478,1.0,86.4,0.03,2,1.0,0,orbacken_sfr_12
610,1,40,107,0.51326992,2.0,0.001,132.8477,1.0,86.4,0.03,2,1.0,0,orbacken_sfr_12
611,1,39,107,1.57442819,2.0,0.001,132.8476,1.0,86.4,0.03,2,1.0,0,orbacken_sfr_12
612,1,39,106,2.08769811,2.0,0.001,132.8475,1.0,86.4,0.03,2,1.0,0,orbacken_sfr_12
613,1,39,105,2.08769811,2.0,0.001,132.8474,1.0,86.4,0.03,2,1.0,0,orbacken_sfr_12
614,1,39,104,1.22387406,2.0,0.001,132.8473,1.0,86.4,0.03,2,1.0,0,orbacken_sfr_12
615,1,38,104,0.86382405,2.0,0.001,132.8472,1.0,86.4,0.03,2,1.0,0,orbacken_sfr_12
616,1,38,103,2.08769811,2.0,0.001,132.8471,1.0,86.4,0.03,2,1.0,0,orbacken_sfr_12
617,1,38,102,2.08769811,2.0,0.001,132.847,1.0,86.4,0.03,2,1.0,0,orbacken_sfr_12
618,1,38,101,1.9344782,2.0,0.001,132.8469,1.0,86.4,0.03,2,1.0,0,orbacken_sfr_12
619,1,37,101,0.15321991,2.0,0.001,132.8468,1.0,86.4,0.03,2,1.0,0,orbacken_sfr_12
620,1,37,100,2.08769811,2.0,0.001,132.8467,1.0,86.4,0.03,2,1.0,0,orbacken_sfr_12
621,1,37,99,2.37428663,2.0,0.001,132.8466,1.0,86.4,0.03,2,1.0,0,orbacken_sfr_12
622,1,37,98,0.21735717,2.0,0.001,132.8465,1.0,86.4,0.03,2,1.0,0,orbacken_sfr_12
623,1,36,98,2.27632375,2.0,0.001,132.7083,1.0,86.4,0.03,2,1.0,0,orbacken_sfr_12
624,1,36,97,1.07214765,2.0,0.001,132.5925,1.0,86.4,0.03,2,1.0,0,orbacken_sfr_12
625,1,35,97,1.28002212,2.0,0.001,132.4429,1.0,86.4,0.03,2,1.0,0,orbacken_sfr_12
626,1,35,96,2.22717674,2.0,0.001,132.3554,1.0,86.4,0.03,2,1.0,0,orbacken_sfr_12
627,1,35,95,1.0034357,2.0,0.001,132.3304,1.0,86.4,0.03,2,1.0,0,orbacken_sfr_12
628,1,34,95,0.15805321,2.0,0.001,132.3253,1.0,86.4,0.03,2,1.0,0,orbacken_sfr_12
629,1,34,95,1.32464022,2.0,0.001,132.3253,1.0,86.4,0.03,2,1.0,0,orbacken_sfr_13
630,1,34,94,1.46736144,2.0,0.001,132.2778,1.0,86.4,0.03,2,1.0,0,orbacken_sfr_13
631,1,33,94,1.30099886,2.0,0.001,132.2777,1.0,86.4,0.03,2,1.0,0,orbacken_sfr_13
632,1,33,93,1.59158273,2.0,0.001,132.2776,1.0,86.4,0.03,2,1.0,0,orbacken_sfr_13
633,1,32,93,1.17677757,2.0,0.001,132.2775,1.0,86.4,0.03,2,1.0,0,orbacken_sfr_13
634,1,32,92,1.71580403,2.0,0.001,132.2774,1.0,86.4,0.03,2,1.0,0,orbacken_sfr_13
635,1,31,92,1.05255627,2.0,0.001,132.2773,1.0,86.4,0.03,2,1.0,0,orbacken_sfr_13
636,1,31,91,1.84002532,2.0,0.001,132.2772,1.0,86.4,0.03,2,1.0,0,orbacken_sfr_13
637,1,30,91,0.92833498,2.0,0.001,132.2771,1.0,86.4,0.03,2,1.0,0,orbacken_sfr_13
638,1,30,90,1.96424662,2.0,0.001,132.277,1.0,86.4,0.03,2,1.0,0,orbacken_sfr_13
639,1,29,90,0.80411368,2.0,0.001,132.2769,1.0,86.4,0.03,2,1.0,0,orbacken_sfr_13
640,1,29,89,2.08846791,2.0,0.001,132.2768,1.0,86.4,0.03,2,1.0,0,orbacken_sfr_13
641,1,28,89,0.67989239,2.0,0.001,132.2767,1.0,86.4,0.03,2,1.0,0,orbacken_sfr_13
642,1,28,88,2.21268921,2.0,0.001,132.2766,1.0,86.4,0.03,2,1.0,0,orbacken_sfr_13
643,1,27,88,0.55567109,2.0,0.001,132.2765,1.0,86.4,0.03,2,1.0,0,orbacken_sfr_13
644,1,27,87,2.3369105,2.0,0.001,132.2764,1.0,86.4,0.03,2,1.0,0,orbacken_sfr_13
645,1,26,87,0.4314498,2.0,0.001,132.2763,1.0,86.4,0.03,2,1.0,0,orbacken_sfr_13
646,1,26,86,2.4611318,2.0,0.001,132.2762,1.0,86.4,0.03,2,1.0,0,orbacken_sfr_13
647,1,25,86,0.3072285,2.0,0.001,132.2761,1.0,86.4,0.03,2,1.0,0,orbacken_sfr_13
648,1,25,85,2.58535309,2.0,0.001,132.276,1.0,86.4,0.03,2,1.0,0,orbacken_sfr_13
649,1,24,85,0.18300721,2.0,0.001,132.2759,1.0,86.4,0.03,2,1.0,0,orbacken_sfr_13
650,1,24,84,2.70957439,2.0,0.001,132.2758,1.0,86.4,0.03,2,1.0,0,orbacken_sfr_13
651,1,23,84,0.05878591,2.0,0.001,132.2757,1.0,86.4,0.03,2,1.0,0,orbacken_sfr_13
652,1,23,83,2.7683603,2.0,0.001,132.2756,1.0,86.4,0.03,2,1.0,0,orbacken_sfr_13
653,1,23,82,0.06543538,2.0,0.001,132.2755,1.0,86.4,0.03,2,1.0,0,orbacken_sfr_13
654,1,22,82,2.70292491,2.0,0.001,132.2754,1.0,86.4,0.03,2,1.0,0,orbacken_sfr_13
655,1,22,81,0.18965668,2.0,0.001,132.2753,1.0,86.4,0.03,2,1.0,0,orbacken_sfr_13
656,1,21,81,2.57870362,2.0,0.001,132.2571,1.0,86.4,0.03,2,1.0,0,orbacken_sfr_13
657,1,21,80,0.31387798,2.0,0.001,132.257,1.0,86.4,0.03,2,1.0,0,orbacken_sfr_13
658,1,20,80,2.45448232,2.0,0.001,132.2569,1.0,86.4,0.03,2,1.0,0,orbacken_sfr_13
659,1,20,79,0.43809927,2.0,0.001,132.2568,1.0,86.4,0.03,2,1.0,0,orbacken_sfr_13
660,1,19,79,2.33026103,2.0,0.001,132.2567,1.0,86.4,0.03,2,1.0,0,orbacken_sfr_13
661,1,19,78,0.56232057,2.0,0.001,132.2566,1.0,86.4,0.03,2,1.0,0,orbacken_sfr_13
662,1,18,78,2.20603973,2.0,0.001,132.2565,1.0,86.4,0.03,2,1.0,0,orbacken_sfr_13
663,1,18,77,0.68654186,2.0,0.001,132.2564,1.0,86.4,0.03,2,1.0,0,orbacken_sfr_13
664,1,17,77,2.08181844,2.0,0.001,132.2563,1.0,86.4,0.03,2,1.0,0,orbacken_sfr_13
665,1,17,76,0.81076316,2.0,0.001,132.2562,1.0,86.4,0.03,2,1.0,0,orbacken_sfr_13
666,1,16,76,1.95759714,2.0,0.001,132.2561,1.0,86.4,0.03,2,1.0,0,orbacken_sfr_13
667,1,16,75,0.93498445,2.0,0.001,132.256,1.0,86.4,0.03,2,1.0,0,orbacken_sfr_13
668,1,15,75,1.83337585,2.0,0.001,132.2559,1.0,86.4,0.03,2,1.0,0,orbacken_sfr_13
669,1,15,74,1.05920575,2.0,0.001,132.2558,1.0,86.4,0.03,2,1.0,0,orbacken_sfr_13
670,1,14,74,1.70915455,2.0,0.001,132.2557,1.0,86.4,0.03,2,1.0,0,orbacken_sfr_13
671,1,14,73,1.18342704,2.0,0.001,132.2556,1.0,86.4,0.03,2,1.0,0,orbacken_sfr_13
672,1,13,73,1.58493326,2.0,0.001,132.2555,1.0,86.4,0.03,2,1.0,0,orbacken_sfr_13
673,1,13,72,1.30764834,2.0,0.001,132.2554,1.0,86.4,0.03,2,1.0,0,orbacken_sfr_13
674,1,12,72,1.46071196,2.0,0.001,132.2553,1.0,86.4,0.03,2,1.0,0,orbacken_sfr_13
675,1,12,71,1.43186963,2.0,0.001,132.2552,1.0,86.4,0.03,2,1.0,0,orbacken_sfr_13
676,1,11,71,1.32710523,2.0,0.001,132.2551,1.0,86.4,0.03,2,1.0,0,orbacken_sfr_13
677,1,11,70,1.65787982,2.0,0.001,132.255,1.0,86.4,0.03,2,1.0,0,orbacken_sfr_13
678,1,10,70,0.9961375,2.0,0.001,132.2549,1.0,86.4,0.03,2,1.0,0,orbacken_sfr_13
679,1,10,69,2.04632424,2.0,0.001,132.2548,1.0,86.4,0.03,2,1.0,0,orbacken_sfr_13
680,1,9,69,0.60769308,2.0,0.001,132.2547,1.0,86.4,0.03,2,1.0,0,orbacken_sfr_13
681,1,9,68,2.43476865,2.0,0.001,132.2546,1.0,86.4,0.03,2,1.0,0,orbacken_sfr_13
682,1,8,68,0.21924867,2.0,0.001,132.1505,1.0,86.4,0.03,2,1.0,0,orbacken_sfr_13
683,1,8,67,2.67133053,2.0,0.001,132.1504,1.0,86.4,0.03,2,1.0,0,orbacken_sfr_13
684,1,8,66,0.12648842,2.0,0.001,132.1503,1.0,86.4,0.03,2,1.0,0,orbacken_sfr_13
685,1,7,66,2.57974907,2.0,0.001,132.1128,1.0,86.4,0.03,2,1.0,0,orbacken_sfr_13
686,1,7,65,0.3890691,2.0,0.001,132.1127,1.0,86.4,0.03,2,1.0,0,orbacken_sfr_13
687,1,6,65,2.31716839,2.0,0.001,132.1126,1.0,86.4,0.03,2,1.0,0,orbacken_sfr_13
688,1,6,64,0.65164977,2.0,0.001,132.1125,1.0,86.4,0.03,2,1.0,0,orbacken_sfr_13
689,1,5,64,2.05458772,2.0,0.001,132.0853,1.0,86.4,0.03,2,1.0,0,orbacken_sfr_13
690,1,5,63,0.91423044,2.0,0.001,132.0852,1.0,86.4,0.03,2,1.0,0,orbacken_sfr_13
691,1,4,63,1.79200705,2.0,0.001,132.056,1.0,86.4,0.03,2,1.0,0,orbacken_sfr_13
692,1,4,62,1.17681111,2.0,0.001,132.0559,1.0,86.4,0.03,2,1.0,0,orbacken_sfr_13
693,1,3,62,1.52942638,2.0,0.001,132.0558,1.0,86.4,0.03,2,1.0,0,orbacken_sfr_13
694,1,3,61,1.43939179,2.0,0.001,132.0557,1.0,86.4,0.03,2,1.0,0,orbacken_sfr_13
695,1,2,61,1.2668457,2.0,0.001,132.0556,1.0,86.4,0.03,2,1.0,0,orbacken_sfr_13
696,1,2,60,1.70197246,2.0,0.001,132.0555,1.0,86.4,0.03,2,1.0,0,orbacken_sfr_13
697,1,1,60,1.00426503,2.0,0.001,132.0554,1.0,86.4,0.03,2,1.0,0,orbacken_sfr_13
698,1,1,59,1.6960653,2.0,0.001,132.0553,1.0,86.4,0.03,1,1.0,0,orbacken_sfr_13
