     134.66601607     134.59796855     134.48816353     134.32710957     133.99832157     133.91554773     134.00773627     134.12256053     134.24395992     134.36396265     134.47882170     134.58893107     134.69272212     134.79104413     134.88635569     134.97927184     135.06921425     135.14963401     135.22480874     135.29395566
     135.34674223     134.59558844     134.58313657     134.50783517     134.39187678     134.22091055     134.00359186     133.84426899     134.02458229     133.91497560     133.78792324     133.84386140     133.79395201     133.74196465     133.91752029     134.05583688     134.18633693     134.31024243     134.42845118     134.54167827
     134.64988391     134.75282107     134.85251395     134.95041343     135.04044495     135.12609597     135.21180181     135.30650779     135.35548105     134.60620472     134.58065085     134.53137552     134.45503936     134.34799737     134.20571379     134.02615567     133.86743706     133.78666210     133.91314039     133.85409201
     133.74939742     133.81665882     133.78813909     133.73864651     133.89486383     133.94818240     133.80930313     133.88316271     134.01914377     134.15046726     134.27689916     134.39901408     134.51549715     134.62574881     134.73048244     134.83272640     134.93264347     135.02864315     135.12238594     135.21844849
     135.31488809     135.36517617     134.63337633     134.60591845     134.56090108     134.50521346     134.43187117     134.33710986     134.22147244     134.08944857     133.96109987     133.83864331     133.73031959     133.79777265     133.76860581     133.72372597     133.87104545     133.92335206     133.79147060     133.86367082
     133.99772616     134.13150088     134.26219871     134.38762268     134.50561967     134.61566751     134.72361030     134.82614316     134.92882686     135.03043499     135.13002135     135.22957803     135.32909918     135.38442925     134.66396500     134.63786284     134.59749221     134.55102882     134.49554474     134.42770766
     134.34512338     134.24956618     134.14482481     134.03844315     133.93438473     133.82136946     133.71799254     133.78473449     133.75827796     133.71517263     133.85865508     133.91137178     133.78374795     133.85553368     133.98962868     134.13093874     134.26745585     134.39273998     134.50656881     134.61887432
     134.72426504     134.82921049     134.93491442     135.04144363     135.14670112     135.25276528     135.35536844     135.41329864     134.69292830     134.66959693     134.63419167     134.59454262     134.54943960     134.49675646     134.43542668     134.36397678     134.28368767     134.19699474     134.10697082     134.01648367
     133.92182701     133.81782621     133.71538063     133.78040626     133.76185037     133.72032786     133.84982503     133.90878523     133.76443923     133.85139336     134.00453467     134.15857213     134.29019052     134.40367714     134.51637463     134.62337520     134.73042259     134.84027147     134.95065054     135.06506803
     135.17669306     135.28472961     135.39092656     135.45479098     134.71816374     134.69819081     134.66780789     134.63402528     134.59628740     134.55384143     134.50537369     134.45060559     134.38865947     134.32033880     134.24722093     134.17103799     134.09314219     134.01268959     133.92634514     133.83670613
     133.73680687     133.77652697     133.79575471     133.75652402     133.87589216     133.95284099     133.81104457     133.91954438     134.07081501     134.20280360     134.30841830     134.41563182     134.52118257     134.62930019     134.74295406     134.85963859     134.97901679     135.10089568     135.21684324     135.33015646
     135.44248131     135.51525168     134.74017847     134.72283920     134.69699594     134.66878092     134.63719720     134.60202555     134.56287008     134.51916462     134.47048297     134.41681909     134.35842551     134.29658020     134.23212530     134.16651646     134.09995383     134.03198736     133.96599477     133.90060931
     133.81205149     133.89461467     133.91801975     133.94869108     134.00856607     134.06272948     134.02283658     134.06299901     134.13668211     134.21768481     134.31331149     134.41488268     134.52286548     134.64168558     134.76657148     134.89498829     135.02409946     135.14860858     135.27135890     135.39469077
     135.51687641     135.60491716     134.75649643     134.74339609     134.72168039     134.69794889     134.67210800     134.64324949     134.61111644     134.57552987     134.53655496     134.49357679     134.44701588     134.39737012     134.34499703     134.29131138     134.23707946     134.18335237     134.13172662     134.08590548
     134.05302276     134.04895577     134.06198605     134.08005224     134.09169186     134.10798690     134.09211974     134.10199283     134.11904472     134.12680239     134.12505890     134.16148817     134.13393297     134.12859523     134.20970671     134.24570974     134.15221267     134.20278726     134.29977531     134.40424617
     134.53312332     134.67108512     134.81104279     134.94747587     135.07975127     135.21241408     135.34623430     135.48265647     135.62915822     135.78171533     135.93238515     136.08427559     136.24424288     136.42061328     136.62787180     136.89464064     137.11336079     137.29467279     137.45483929     137.60317059
     137.74348727     137.87958948     138.01103414     138.14041778     138.26845578     138.39641337     138.52146104     138.64247178     138.75929433     138.87170758     138.97935093     139.08360807     139.18601820     139.28726711     139.38505862     139.48745227     139.59294436     139.70396099     139.82465577     139.96527869
     140.12135583     140.30163922     140.54516743     140.88072591     141.14793310     134.75654128     134.74154632     134.72251598     134.70494077     134.69601221     134.70671420     134.69779366     134.67787504     134.65139152     134.62274547     134.59086308     134.55619154     134.51862021     134.47837052     134.43616566
     134.39226634     134.34756773     134.30332528     134.26040781     134.22023383     134.18511410     134.16117965     134.15380518     134.15928471     134.16664482     134.16622309     134.14748206     134.14584637     134.16854628     134.16354245     134.18599033     134.21866548     134.14537289     134.15431228     134.26568093
     134.31136632     134.17762968     134.23503672     134.40831307     134.57261578     134.72503621     134.86945149     135.00909441     135.15026272     135.29311072     135.43652758     135.58332150     135.73590017     135.88973814     136.04687831     136.21032692     136.38553852     136.57801137     136.78669857     136.98187016
     137.15910381     137.32163465     137.47332461     137.61798882     137.75816814     137.89562355     138.03124570     138.16542868     138.29808249     138.42898071     138.55822180     138.68556061     138.80611848     138.92342914     139.03809172     139.15156870     139.26199381     139.37108320     139.48547270     139.60298205
     139.72686253     139.86354921     140.02097799     140.19014053     140.38008788     140.62004474     140.90291288     141.20145704     141.39327268     134.75870200     134.74382838     134.72641457     134.70681418     134.68528102     134.66127443     134.63558899     134.60798033     134.57748616     134.54485255     134.51039326
     134.47452114     134.43777802     134.40060802     134.36409566     134.32900977     134.29689784     134.26946040     134.24887131     134.23711607     134.23261130     134.22978285     134.22417468     134.21206026     134.19766316     134.18558850     134.17561296     134.19581312     134.17274833     134.29836457     134.47620537
     134.64067618     134.79085928     134.93742192     135.08743463     135.23554098     135.38265102     135.53324621     135.68631843     135.84115164     136.00072736     136.16368844     136.33367096     136.51226220     136.69574551     136.87388155     137.04259874     137.20198587     137.35370288     137.49993258     137.64300839
     137.78386399     137.92337129     138.06261203     138.20180602     138.34030143     138.47729963     138.61396079     138.74423180     138.87092709     138.99569853     139.11869922     139.23663149     139.35733912     139.48223746     139.61011278     139.74485589     139.89659298     140.06323694     140.23507639     140.42575937
     140.65187710     140.90186713     141.15627366     141.40750498     141.56752675     134.76294576     134.74867677     134.73254884     134.71461778     134.69492241     134.67338098     134.65010074     134.62567728     134.59983668     134.57166301     134.54238581     134.51199787     134.48119517     134.45040260     134.42031148
     134.39169504     134.36540740     134.34247491     134.32422487     134.31101105     134.30161059     134.29393700     134.28512880     134.27367559     134.25887446     134.22955302     134.21390976     134.25751542     134.25226732     134.19987866     134.23662086     134.24953763     134.26102288     134.38487776     134.55771266
     134.71205857     134.86817657     135.02213670     135.17302313     135.32251036     135.47799460     135.63369338     135.78974236     135.94846237     136.10842466     136.27239805     136.44018778     136.60870009     136.77437957     136.93483048     137.09003209     137.24055726     137.38758816     137.53251903     137.67683752
     137.82078404     137.96525965     138.11064402     138.25643700     138.40151500     138.54586623     138.68568395     138.82196849     138.95555459     139.08590472     139.21236260     139.34356392     139.47774726     139.61422780     139.75919651     139.92299633     140.09185095     140.26358497     140.45149778     140.66507934
     140.89086817     141.11666177     141.34482199     141.56713714     141.70231093     134.76891250     134.75536483     134.74044609     134.72404844     134.70625618     134.68700166     134.66636747     134.64446690     134.62189576     134.59866807     134.57391223     134.54843194     134.52270995     134.49721322     134.47236999
     134.44891327     134.42718904     134.40781659     134.39151805     134.37851044     134.36746975     134.35725669     134.34667796     134.33539881     134.32259695     134.30834719     134.28761201     134.28353054     134.31327410     134.31202446     134.30388336     134.36586568     134.30762979     134.34269938     134.47631713
     134.63697024     134.79688765     134.95204676     135.10129741     135.25792562     135.42254944     135.57931408     135.73690967     135.89173800     136.04830562     136.20620519     136.36510685     136.52378723     136.68019708     136.83416469     136.98532843     137.13452278     137.28199334     137.42893180     137.57586855
     137.72395622     137.87355643     138.02479124     138.17756036     138.33026237     138.48265234     138.63224088     138.77629086     138.91778644     139.05319623     139.18903957     139.32940520     139.47294348     139.61690030     139.77334478     139.94137913     140.11141971     140.28290879     140.46686529     140.66927650
     140.87600465     141.08445031     141.29257001     141.49597679     141.69295571     141.80578340     134.77615442     134.76345939     134.74974580     134.73487893     134.71886129     134.70176976     134.68363868     134.66457913     134.64471344     134.62460068     134.60443843     134.58337171     134.56216125     134.54123198
     134.52114552     134.50207149     134.48411578     134.46792634     134.45363957     134.44117811     134.43016646     134.41924318     134.40883179     134.39708172     134.38504792     134.37270522     134.36110377     134.34249859     134.34129954     134.36501005     134.36453879     134.39388977     134.44914533     134.36100532
     134.42216563     134.54897107     134.71320369     134.87214005     135.02358994     135.19991028     135.36551463     135.52368306     135.68126574     135.83327770     135.98583404     136.13802717     136.28975397     136.44021564     136.58940949     136.73769294     136.88613748     137.03400667     137.18234803     137.33138051
     137.48136003     137.63330073     137.78805804     137.94504990     138.10413545     138.26391355     138.42438560     138.58219368     138.73396687     138.88178583     139.02304954     139.16788777     139.31631132     139.46820954     139.62033600     139.78455735     139.95367352     140.12513836     140.29735748     140.47892694
     140.67221283     140.86488493     141.05667882     141.24897816     141.43816161     141.62101899     141.79016729     141.88942418     134.78415538     134.77261377     134.76017760     134.74676934     134.73254105     134.71745247     134.70162818     134.68521007     134.66830416     134.65101568     134.63378653     134.61711581
     134.60004889     134.58338688     134.56724781     134.55167278     134.53713239     134.52379514     134.51163718     134.50056906     134.49038817     134.48050845     134.46976029     134.45921409     134.44721935     134.43468927     134.42185423     134.40701830     134.38477783     134.37750744     134.40112213     134.39065714
     134.44853197     134.50881632     134.39808470     134.47298844     134.61415579     134.78244782     134.94765095     135.13601468     135.30844216     135.46986191     135.62476202     135.77440864     135.92281015     136.06950202     136.21421018     136.35758071     136.50110093     136.64497976     136.79091077     136.93808012
     137.08740712     137.23917658     137.39336044     137.54992902     137.70917261     137.87190313     138.03696305     138.20395373     138.37136929     138.53643459     138.69540217     138.84705377     138.99707165     139.14913744     139.30485509     139.46309403     139.62673806     139.79616938     139.96309108     140.13367628
     140.31188991     140.49387575     140.67815525     140.85823455     141.03611878     141.21396203     141.39021439     141.56039093     141.72015794     141.87213072     141.95343223     134.79225555     134.78269649     134.77140796     134.75941762     134.74695824     134.73374352     134.72009730     134.70610574     134.69184905
     134.67747532     134.66315488     134.64977608     134.63677234     134.62347121     134.61068505     134.59847007     134.58708336     134.57648206     134.56660034     134.55744772     134.54871761     134.54010181     134.53103452     134.52054825     134.50985007     134.49752582     134.48267304     134.46518633     134.43780254
     134.39652841     134.41898271     134.41995250     134.40254525     134.50404990     134.57097240     134.44712787     134.53010760     134.68970971     134.87743124     135.06402637     135.25085448     135.41614050     135.56989570     135.71711472     135.86013164     135.99960244     136.13822884     136.27557575     136.41361311
     136.55371065     136.69745143     136.84489433     136.99639961     137.15164052     137.31059257     137.47277037     137.63788556     137.80598740     137.97705503     138.15065443     138.32409237     138.49515149     138.65988780     138.81596897     138.97487057     139.13346205     139.29656996     139.46220403     139.63578698
     139.80640852     139.97608374     140.14729151     140.32690554     140.50893996     140.68664479     140.85670933     141.02320352     141.18894656     141.35399443     141.51421374     141.66355793     141.80442642     141.92321374     134.79878282     134.79436032     134.78392592     134.77309229     134.76192072     134.75047141
     134.73880254     134.72701683     134.71522561     134.70353824     134.69211618     134.68099968     134.67123821     134.66162916     134.65203038     134.64299670     134.63453101     134.62666696     134.61932832     134.61236495     134.60566203     134.59878712     134.59154522     134.58339857     134.57338265     134.56180502
     134.54770928     134.52931444     134.50427012     134.46609162     134.41726143     134.46281747     134.45465341     134.44425245     134.57895079     134.66609986     134.53240038     134.64109981     134.81209041     135.00438540     135.19231006     135.36555296     135.51761936     135.66041291     135.79641885     135.92953015
     136.06196701     136.19160151     136.32620890     136.46217986     136.60398678     136.75222810     136.90691236     137.06695623     137.23211587     137.40177386     137.57359087     137.74832767     137.92499266     138.10441678     138.28296633     138.45941812     138.62699570     138.79129002     138.95669769     139.12336200
     139.29296904     139.46642921     139.64660565     139.81966334     139.99254183     140.16521526     140.34577829     140.52592315     140.69746817     140.86034556     141.01874740     141.17393976     141.33147805     141.48436123     141.60549619     141.66018662     141.59333523     141.64781668     141.76142998     141.89135187
     134.80099404     134.79680783     134.78706553     134.77721657     134.76736713     134.75754663     134.74783741     134.73831929     134.72912002     134.72027063     134.71195325     134.70421176     134.69801503     134.69158112     134.68544554     134.67987679     134.67488447     134.67030446     134.66596955     134.66170168
     134.65722372     134.65217728     134.64621596     134.63880549     134.62835194     134.61533608     134.59847752     134.57635983     134.54645817     134.51464979     134.50112647     134.61225784     134.49513097     134.59237396     134.76562893     134.92952665     135.00885839     134.90946510     135.00039082     135.14434319
     135.31882648     135.46865201     135.60447396     135.73336061     135.85853175     135.98264234     136.10573367     136.23490178     136.36759822     136.50887670     136.65917658     136.81810813     136.98464664     137.15767023     137.33493179     137.51503560     137.69746611     137.88123772     138.06557812     138.24848318
     138.42913922     138.59999960     138.77266422     138.94451462     139.11782845     139.29316970     139.47701545     139.65957651     139.83664860     140.01385134     140.19047979     140.37079157     140.54679400     140.71203978     140.86936242     141.02165420     141.16969267     141.31949908     141.46370336     141.60243892
     141.73696532     141.86746329     134.80424464     134.80105746     134.79251729     134.78421601     134.77616778     134.76839806     134.76101319     134.75406009     134.74761407     134.74180633     134.73670386     134.73250487     134.72950830     134.72633561     134.72369826     134.72162612     134.72002964     134.71865852
     134.71731193     134.71578223     134.71348856     134.71024438     134.70485572     134.69661562     134.68631577     134.67310565     134.65740917     134.63625682     134.60149997     134.53493141     134.55439534     134.58683360     134.55741215     134.73233129     134.89455296     134.98645194     134.89702728     134.97760857
     135.11374139     135.27589175     135.42338876     135.55183501     135.67132627     135.78686541     135.90120702     136.01770431     136.13772050     136.26632497     136.40742322     136.56130249     136.72764496     136.90360219     137.08611717     137.27266733     137.46187788     137.65321971     137.84463544     138.03498550
     138.22161710     138.40467191     138.58035638     138.75955565     138.93828710     139.11741085     139.29984126     139.49224860     139.67717190     139.85936783     140.04078593     140.21964536     140.40123922     140.53287206     140.59808306     140.54501406     140.60903233     140.72991015     140.88409991     141.03239093
     141.17494504     141.31813172     141.45738263     141.59121324     141.72226270     141.85222406     134.80958805     134.80771086     134.80084235     134.79446695     134.78859245     134.78321058     134.77839402     134.77420032     134.77074309     134.76812325     134.76628542     134.76620213     134.76567080     134.76601602
     134.76701619     134.76856170     134.77038525     134.77226605     134.77394111     134.77493214     134.77452597     134.77120045     134.76712066     134.76076753     134.75356342     134.74207384     134.72810965     134.70871835     134.65873803     134.64174962     134.71548945     134.71280399     134.66067559     134.77965429
     134.71440712     134.81914908     134.94617327     135.07553410     135.14117978     135.07037987     135.14202280     135.22494953     135.27815586     135.21671212     135.26936850     135.38119244     135.50124950     135.61079178     135.71518363     135.81908174     135.92338423     136.03242916     136.15449069     136.29422187
     136.45344572     136.63256026     136.82202665     137.01749465     137.21590199     137.41551236     137.61606351     137.81613783     138.01273167     138.20156264     138.38615749     138.56774297     138.75259686     138.93731288     139.12233120     139.31246757     139.51062997     139.70164886     139.84198067     139.91548777
     139.85393059     139.92640924     140.06742692     140.25247422     140.43122756     140.60113323     140.72078134     140.78091125     140.73319289     140.79199562     140.90430756     141.05050313     141.18904701     141.32650650     141.46273417     141.59152687     141.71894238     141.84527536     134.81734834     134.81715162
     134.81244219     134.80839888     134.80491985     134.80211067     134.80004146     134.79878149     134.79836186     134.79879333     134.79283471     134.79359640     134.80671631     134.80750326     134.80309505     134.80677582     134.81111019     134.81600219     134.82125845     134.82662988     134.83170162     134.83603377
     134.83782189     134.83947902     134.83921062     134.83846049     134.83388905     134.82670603     134.81775594     134.80988806     134.81494193     134.83077715     134.87798879     134.87205109     134.91323318     134.98486056     135.07670470     135.14007222     135.08101972     135.14055315     135.22988022     135.33583250
     135.37701620     135.32273362     135.36484693     135.45298222     135.54816479     135.63515745     135.72704240     135.81941366     135.91744515     136.02922837     136.16331851     136.33105820     136.52490608     136.73897044     136.95175288     137.16437168     137.37583588     137.58633125     137.79775575     137.96273773
     138.04306078     137.95768096     138.03699896     138.14998409     138.22708487     138.14572448     138.22293453     138.37298689     138.56167593     138.75114706     138.94147412     139.13336297     139.32798515     139.52844793     139.72439482     139.91237769     140.10275621     140.24193577     140.31870801     140.25154622
     140.33941987     140.46618210     140.59281084     140.65608069     140.60686553     140.66896163     140.78490229     140.93493368     141.07573227     141.21207979     141.34569986     141.47774919     141.60319214     141.72686172     141.84866659     134.82826994     134.82991428     134.82747444     134.82582970     134.82499580
     134.82497954     134.82586987     134.82777304     134.83059923     134.83410812     134.84010785     134.84695372     134.85453163     134.86276710     134.87167245     134.88062512     134.88920567     134.89599480     134.90277319     134.90858719     134.91392991     134.91602448     134.91485265     134.91078584     134.90462464
     134.89838828     134.89816667     134.90370382     134.94259402     134.92024821     134.96094977     135.01853755     135.09008670     135.13997054     135.09677977     135.13874330     135.21557224     135.31576488     135.40416944     135.48136948     135.55624130     135.62831468     135.69997516     135.77563427     135.87176490
     136.00208265     136.18231369     136.40511202     136.65085171     136.89083315     137.11879995     137.34226810     137.56202337     137.77793623     137.98567264     138.18246504     138.37133564     138.56253244     138.75422446     138.95054094     139.14872027     139.34789256     139.55140130     139.70286065     139.78524542
     139.70813055     139.80211047     139.94234882     140.13550631     140.27000409     140.36051421     140.28472361     140.37770720     140.45479484     140.52802129     140.46823928     140.54934787     140.66585975     140.82648122     140.93629641     140.99192175     140.95340737     141.00837986     141.10892580     141.24508710
     141.37696532     141.50411785     141.62687899     141.74662134     141.86301191     134.84205018     134.84559536     134.84578601     134.84689349     134.84905358     134.85216882     134.85654661     134.86203952     134.86872756     134.87667824     134.88656981     134.89759660     134.90947105     134.92174165     134.93446591
     134.94599933     134.95743726     134.96887586     134.97962416     134.98828375     134.99332643     134.99555713     134.99435524     134.98924692     134.97725967     134.95124485     134.94246256     134.98018277     134.96725472     134.94788568     134.98200205     134.97656083     134.99795995     135.04218919     135.12239397
     135.20613710     135.27578412     135.30623779     135.26439758     135.29499833     135.35755453     135.42425143     135.48314425     135.53752559     135.59076093     135.63014592     135.70260666     135.73439621     135.61446843     135.62069490     135.79662693     135.86460173     135.66436537     135.75967312     136.00252347
     136.28527093     136.56720709     136.83491628     137.08059480     137.31643174     137.54524774     137.76716070     137.97826697     138.17984175     138.37330313     138.56676606     138.76136389     138.96354221     139.16567512     139.36898502     139.57582745     139.72305289     139.81816573     139.74054585     139.82422866
     139.97434024     140.12306786     140.20255331     140.13315888     140.22718335     140.30306149     140.39760686     140.32517824     140.42031924     140.48959185     140.57437276     140.51727887     140.59357449     140.66613350     140.73420121     140.68903383     140.75512931     140.86909244     141.01740728     141.15754427
     141.29333630     141.42265702     141.54538419     141.66474547     141.78027870     141.88942557     134.85895584     134.86482168     134.86796880     134.87225466     134.87779137     134.88458807     134.89289900     134.90252038     134.91352117     134.92581096     134.94001702     134.95560393     134.97187200     134.98790401
     135.00391877     135.02053044     135.03643775     135.05121745     135.06276202     135.07178452     135.07771353     135.07983435     135.07720520     135.06654196     135.02648110     135.00291306     135.06823478     135.05919017     134.99335340     135.00647674     135.04776845     135.03215066     135.03773010     135.06834335
     135.03607123     135.07830015     135.12660182     135.19534049     135.25883304     135.31725484     135.36806203     135.41002953     135.44461442     135.49165520     135.53009748     135.51958116     135.49835706     135.49068067     135.54765192     135.59446504     135.53580472     135.57346786     135.63643535     135.67346999
     135.61418038     135.66106078     135.77747945     135.94500326     135.72390920     135.91816010     136.18879898     136.50533572     136.79316072     137.05290341     137.29897657     137.53527640     137.76296936     137.93422608     138.01652284     137.93372040     138.01599631     138.17649694     138.37688470     138.57401267
     138.77380128     138.98077870     139.18638736     139.39273505     139.60200491     139.80727708     140.00972455     140.15454745     140.25085861     140.17490315     140.27580183     140.35010725     140.44344159     140.38069955     140.45991666     140.59597265     140.76986512     140.93194897     141.08246351     141.22380317
     141.35679121     141.48235203     141.60272013     141.71858666     141.82737861     141.93058941     134.87973891     134.88822318     134.89471154     134.90265358     134.91205444     134.92298280     134.93556139     134.94980232     134.96541475     134.98274468     135.00164429     135.02194985     135.04247241     135.06360934
     135.08422183     135.10417816     135.12223963     135.13840811     135.15195393     135.16225013     135.16881372     135.17106928     135.16840272     135.15607749     135.14178673     135.11202125     135.11289693     135.16563528     135.17306116     135.12265754     135.14275911     135.18019182     135.18137839     135.18070157
     135.20154555     135.18868623     135.19850125     135.22936949     135.25094914     135.21545107     135.23678829     135.28073638     135.29885637     135.26725994     135.28110402     135.32164522     135.33598829     135.29785123     135.31001455     135.35382043     135.36155143     135.32547595     135.33584274     135.36238272
     135.36283966     135.36467159     135.40051815     135.40513577     135.45191373     135.41616383     135.44436538     135.47861321     135.48371654     135.47976723     135.50027201     135.53092702     135.54933688     135.55446094     135.57317849     135.58594115     135.63288961     135.62629371     135.69272527     135.74784226
     135.91106225     135.79091669     135.91813232     136.14302938     136.47093141     136.76877029     137.04169254     137.29316205     137.53177137     137.75744181     137.97554939     138.18255044     138.38406004     138.58506635     138.78985299     139.00150084     139.21376937     139.42512571     139.63989442     139.79635556
     139.87801439     139.81370775     139.89562451     140.05294184     140.20423984     140.30203500     140.23421329     140.31953061     140.46963203     140.61194861     140.68837312     140.64237058     140.71904927     140.84496647     141.01389251     141.16868065     141.30835377     141.43892579     141.56418941     141.68222482
     141.78866958     141.89241496     141.98657064     134.90476471     134.91611968     134.92636345     134.93838320     134.95221862     134.96792975     134.98551232     135.00510830     135.02584450     135.04894617     135.07335832     135.09844247     135.12323329     135.14769678     135.17199826     135.19505845     135.21593480
     135.23422073     135.24911704     135.26067718     135.26800895     135.27276323     135.27596364     135.27825417     135.27964331     135.28566999     135.29938634     135.32745492     135.36794333     135.40479571     135.44360175     135.49184318     135.53864252     135.59352813     135.61320438     135.62913737     135.66814104
     135.69100303     135.65308518     135.72076556     135.70971085     135.73262958     135.80476179     135.90764128     135.79976845     135.86823302     136.04361045     136.18212454     135.96993117     136.17733243     136.45304673     136.76417287     137.04492971     137.30031916     137.54218973     137.71868430     137.80544611
     137.72310810     137.81016994     137.97996389     138.19172293     138.39584362     138.60033365     138.80953387     139.02739001     139.24686064     139.46543633     139.68149619     139.89416471     140.11146112     140.33065900     140.54533575     140.74834160     140.94160728     141.11843345     141.27335668     141.41351728
     141.54388151     141.66838276     141.77904248     141.87697212     141.97093918     142.05789204     134.93424713     134.94885328     134.96352624     134.98031744     134.99932535     135.02048435     135.04385414     135.06934437     135.09664119     135.12516056     135.15393773     135.18303841     135.21244817     135.24150077
     135.26956927     135.29570757     135.31846116     135.33810346     135.35399758     135.36733997     135.37812729     135.38832085     135.40046343     135.41430506     135.43230230     135.45256228     135.47922031     135.51497661     135.55212133     135.59217068     135.63942979     135.68546502     135.73990796     135.79364318
     135.85866025     135.89586838     135.94943357     135.96360927     136.02954434     136.00522225     136.20645823     136.10698959     136.25433935     136.49095502     136.79069083     137.06415055     137.32079778     137.55813318     137.77996311     137.99893527     138.20799844     138.41340896     138.61938619     138.83469796
     139.05879653     139.28592417     139.51233082     139.73448366     139.95651989     140.18597287     140.41131796     140.63802720     140.85619133     141.05773050     141.23918882     141.39888702     141.54291124     141.67137460     141.79208608     141.89395135     141.98197739     142.06374874     142.13759665     134.96878780
     134.98712639     135.00691849     135.02928461     135.05422366     135.08173502     135.11177137     135.14327688     135.17599767     135.21004100     135.24449449     135.27872498     135.31280977     135.34569297     135.37655777     135.40472555     135.42976010     135.45111842     135.46955659     135.48639655     135.50235685
     135.51863664     135.53670079     135.55765953     135.58166930     135.60955851     135.64330115     135.68158058     135.72372334     135.73559366     135.75582966     135.78583088     135.80565391     135.82143776     135.87792892     135.93501210     135.95974981     135.99061360     136.01508523     136.06576753     136.03769243
     136.10901182     136.12921771     136.20161873     136.31867900     136.58235790     136.84636107     137.10375751     137.35214415     137.58852974     137.80913963     138.02685574     138.23224794     138.43702799     138.64404463     138.86350497     139.09267839     139.33023789     139.56434739     139.79471979     140.03073938
     140.27001980     140.50455745     140.74452897     140.97827294     141.19102536     141.38202800     141.55307639     141.69823306     141.82437375     141.93463524     142.02622756     142.10334872     142.16884549     142.22819004     135.00901654     135.03159779     135.05738792     135.08621301     135.11836159     135.15310096
     135.18882059     135.22704079     135.26643813     135.30648193     135.34658858     135.38550388     135.42328627     135.45944697     135.49344163     135.52419949     135.55185952     135.57656221     135.59968246     135.62022177     135.64034921     135.66126918     135.68496591     135.71186018     135.74141147     135.77477741
     135.81359682     135.85697480     135.90271064     135.95575021     136.01017133     136.07122338     136.09499239     136.14285328     136.15765686     136.20182259     136.21303655     136.29324422     136.28237328     136.35348772     136.46058823     136.68280501     136.92130892     137.16042370     137.39499580     137.63111272
     137.85237163     138.01588329     138.09435368     138.03198152     138.11075542     138.26383887     138.46939546     138.67634060     138.89613531     139.13080117     139.37557328     139.61832473     139.86100931     140.11327988     140.35799670     140.60724764     140.86138051     141.11370827     141.34660392     141.55336284
     141.73137349     141.87739816     141.99703470     142.09947765     142.17929670     142.24250283     142.29311775     142.33244215     135.05545925     135.08309976     135.11612205     135.15290576     135.17643120     135.19235945     135.19140894     135.20729146     135.23258722     135.27689597     135.32240944     135.36844940
     135.41477779     135.45999803     135.50386654     135.54567373     135.58482503     135.62184710     135.65555139     135.68745599     135.71638038     135.74271249     135.76747219     135.79206820     135.81853897     135.84739439     135.87916421     135.91467737     135.95407648     135.99803314     136.04522102     136.09518315
     136.15170575     136.21011013     136.23836308     136.28160912     136.29364548     136.33636891     136.34675060     136.41472792     136.39067234     136.44563563     136.56625007     136.77766171     137.00285317     137.22879652     137.45793932     137.68152464     137.90365974     138.10818035     138.31151474     138.51372803
     138.71757796     138.93638046     139.16759446     139.41633272     139.67096000     139.92767216     140.18298650     140.44223568     140.71279376     140.98556964     141.26556764     141.52921662     141.74661373     141.93506450     142.08364944     142.19750405     142.28517555     142.35358252     142.40047198     142.43232184
     142.45230707     135.10942833     135.14304724     135.18455445     135.22816318     135.27532249     135.32530225     135.37762709     135.43063507     135.48371441     135.53647383     135.58745229     135.63580774     135.68146341     135.72409200     135.76581072     135.80338651     135.83747218     135.87062515     135.90167128
     135.93233525     135.96394299     135.99694545     136.03169661     136.06937682     136.10920825     136.14933130     136.19111027     136.23621413     136.24792830     136.26998357     136.30236431     136.32422724     136.34005831     136.40271181     136.43664541     136.47470114     136.46935019     136.49640763     136.64929175
     136.86808914     137.08771228     137.30728205     137.52910778     137.74890938     137.96417441     138.16570421     138.36680784     138.56555068     138.76614555     138.98180987     139.20593890     139.45042274     139.71269079     139.98007545     140.24262280     140.51374085     140.80422854     141.11276784     141.43763285
     141.73897370     141.98110536     142.16901217     142.31175218     142.41744473     142.49347338     142.54280650     142.57164315     142.58225613     142.57920804     135.17356035     135.21336860     135.26229527     135.31526788     135.37160292     135.43037086     135.49158959     135.55320915     135.61396720     135.67312382
     135.72969862     135.78287136     135.83239292     135.87956987     135.92464983     135.96627564     136.00631450     136.04604949     136.08500108     136.12327799     136.16311506     136.20485513     136.24321231     136.28054753     136.31840440     136.35566737     136.39576163     136.43326175     136.47463407     136.51453721
     136.52256512     136.53477738     136.57127637     136.58626318     136.66908057     136.76473286     136.71316489     136.81532843     136.95846740     137.17747026     137.39546101     137.60625724     137.82585842     138.03250903     138.23293763     138.42850146     138.62210745     138.81810481     139.02439048     139.18856813
     139.27670501     139.20284574     139.29010264     139.47733173     139.74509380     140.01384004     140.28049664     140.56597124     140.88076485     141.22301634     141.60008020     141.99790456     142.27778804     142.44278794     142.55239219     142.64471310     142.71069886     142.73387115     142.74166338     142.73403251
     142.71220588     135.24657945     135.29305083     135.35187393     135.41552453     135.48214639     135.55146696     135.62237443     135.69271375     135.76160369     135.82720776     135.88901409     135.94678963     136.00161173     136.05409015     136.10469320     136.15297910     136.20283624     136.25142739     136.29877133
     136.34846742     136.39563245     136.44211154     136.48517454     136.52000949     136.54902290     136.57307143     136.59291725     136.61509792     136.63943545     136.64312142     136.66412174     136.69674350     136.73741181     136.77587291     136.87763717     136.84369316     136.92358743     137.06166091     137.27391410
     137.42896064     137.50754403     137.46633767     137.54534681     137.69368508     137.90796100     138.10861160     138.24795095     138.32745908     138.27041829     138.36252467     138.43228333     138.51433205     138.45667908     138.54526885     138.67405447     138.86203475     139.05884058     139.27259263     139.51010670
     139.70411625     139.81510742     139.70123385     139.82762607     140.02492834     140.29036736     140.58751896     140.83043628     140.97305760     140.82457898     140.98954003     141.17333397     141.33677261     141.18247198     141.34550470     141.57678037     141.80058314     141.58131237     141.78763442     142.17287700
     142.46869024     142.08010433     142.30210205     142.60636063     142.58338372     142.54505940     142.72293604     142.64133609     142.67722786     142.81868062     142.85310703     142.72227467     142.74804240     142.87923052     142.87845852     142.80317358     142.85160725     142.93790930     143.02949774     142.88771812
     142.89398122     143.06101611     143.02295850     142.93603955     142.90817370     142.88552833     142.84766574     135.33036412     135.38458827     135.45537889     135.53060611     135.60928571     135.69109555     135.77283988     135.85327385     135.93023553     136.00219344     136.07015933     136.13382366     136.19587942
     136.25517664     136.31322404     136.37308276     136.43032015     136.49065466     136.55077522     136.61215919     136.66687169     136.70413973     136.72900571     136.74589585     136.75400749     136.74751591     136.71360060     136.71323147     136.76125663     136.76002870     136.73824415     136.75135296     136.80811751
     136.78565641     136.86861287     136.98070266     137.11693603     137.19204985     137.16337946     137.23913609     137.37638212     137.58500389     137.79647306     137.99086758     138.18138771     138.30581867     138.39222631     138.33501828     138.41241521     138.48363031     138.57589792     138.50736728     138.59923361
     138.67257928     138.74680560     138.69312966     138.76574866     138.85114041     138.93108152     138.86941877     138.94818694     139.04090708     139.12377026     139.05732121     139.13710887     139.30022652     139.52593954     139.70110683     139.83040836     139.70129704     139.82947316     139.96697393     140.07354024
     139.96745194     140.07386480     140.22862819     140.34549698     140.22858775     140.34449499     140.51426219     140.63857943     140.51117437     140.63488943     140.81664825     140.97826185     140.81731241     140.95761781     141.24872218     141.64381080     142.05831041     142.39608750     142.64056893     142.84959575
     142.94928370     142.75376146     142.82405630     143.01414865     143.02393202     142.91164896     142.96411410     143.08871893     143.17149086     143.06344911     143.17669440     143.11460201     143.08892357     143.20453724     143.16852787     143.08891819     143.03818098     142.98107644     135.42700165     135.49223197
     135.57562911     135.66458206     135.75924934     135.85525376     135.94955799     136.04022821     136.12510159     136.20350300     136.27765926     136.34997752     136.41884568     136.48794920     136.55567847     136.62741442     136.70071095     136.77464727     136.83958959     136.88801045     136.92271239     136.94148243
     136.94511692     136.92883966     136.89495002     136.83822258     136.77160886     136.77887020     136.79448842     136.84700987     136.84345604     136.93726063     136.91548402     136.99489939     137.10804079     137.30225483     137.49698398     137.70632039     137.89218287     138.07373860     138.19804307     138.26597378
     138.22155350     138.28882802     138.40995438     138.53142007     138.61769318     138.54658776     138.63044536     138.75144182     138.93099412     139.12102754     139.26760629     139.36039257     139.26959730     139.37619787     139.48112111     139.57394946     139.49061819     139.58232002     139.70282837     139.82184949
     139.71475617     139.81638840     140.02026264     140.28817484     140.57261376     140.87510084     141.20180679     141.54883734     141.89378607     142.19551775     142.43799225     142.64057004     142.81626097     143.00530912     143.23752964     143.26309109     143.13090056     143.19942228     143.23672056     143.22511925
     143.31956680     143.31588077     143.20656845     143.10979102     135.54100473     135.61800238     135.71686651     135.82580539     135.94042959     136.05235594     136.15901874     136.25839987     136.35071680     136.43733994     136.51842456     136.59728319     136.67719999     136.75634656     136.83827400     136.91955872
     136.99339706     137.05640636     137.10552177     137.13524795     137.14637160     137.13554381     137.10577542     137.05383168     136.95363004     136.90868401     137.02036680     136.98075494     136.83942567     136.89689534     136.89822030     136.92506380     136.97449141     137.06186687     137.02106685     137.11211617
     137.23938403     137.37436067     137.44769964     137.42935106     137.50288592     137.62862893     137.81210739     137.97992715     138.14235068     138.29694628     138.45266368     138.56592063     138.64435525     138.58037353     138.64835344     138.77121816     138.94862810     139.08885666     139.17240676     139.08914548
     139.18862125     139.27862002     139.38103655     139.29523190     139.38205912     139.54816747     139.78331265     140.03439999     140.28596322     140.54908257     140.83674679     141.13812392     141.43874712     141.73545184     142.01434926     142.25630402     142.46182982     142.64199714     142.80891016     142.99417199
     143.19424320     143.30305979     143.08988087     143.15805995     143.35788188     143.34747438     143.23551269     143.31476944     143.26689527     143.39842705     135.67393906     135.76714258     135.89016619     136.02865695     136.16404688     136.29209558     136.41079323     136.51840419     136.61554507     136.70697606
     136.79510007     136.88077260     136.96851954     137.05288249     137.13638320     137.21166414     137.27367893     137.31888539     137.34443037     137.34963326     137.33461360     137.29503290     137.23151726     137.14726733     137.01518990     136.95084858     137.11286991     137.04878840     137.07333220     137.18183950
     137.13703278     137.24518574     137.37945912     137.58831522     137.76376452     137.92128855     138.06890873     138.20968708     138.34636680     138.48389948     138.62323524     138.78008490     138.95377016     139.09351803     139.19576193     139.09249227     139.19838366     139.35512577     139.58036658     139.81262517
     140.04683303     140.28066432     140.52755895     140.79631299     141.07017140     141.33593263     141.59184345     141.85801381     142.09472710     142.29217382     142.47081505     142.63269251     142.78400399     142.92702381     143.05030885     143.13977946     135.83596579     135.95205435     136.12048308     136.28938039
     136.44744440     136.58809398     136.71120093     136.81822652     136.91536142     137.01026242     137.10238966     137.19369270     137.28326983     137.36904621     137.44418263     137.50380802     137.54478958     137.56560584     137.56639355     137.54749598     137.50508020     137.44441252     137.38509577     137.32554511
     137.25991595     137.34189636     137.38111963     137.40196731     137.56152352     137.76608699     137.91015890     138.04059289     138.16295369     138.27633917     138.38529576     138.49594295     138.62348826     138.77925634     138.91479692     138.98615534     138.90670721     138.98570272     139.08108525     139.20143602
     139.09304566     139.20714195     139.38978393     139.62366368     139.84773826     140.06429336     140.28455415     140.51383608     140.75655479     140.99892295     141.23117843     141.44055804     141.71291099     141.93794089     142.12819999     142.29606838     142.44835520     142.59282886     142.71759426     142.85853234
     136.04457837     136.21353773     136.43136335     136.63589613     136.80209044     136.93842382     137.05256803     137.15594053     137.25358129     137.34829955     137.44401000     137.53709959     137.62414861     137.69889366     137.75599726     137.79085373     137.80523775     137.79956093     137.77387972     137.73014113
     137.67659738     137.63887927     137.61272643     137.55493429     137.56393041     137.68707660     137.72371531     137.65746081     137.76032438     137.79897212     137.91538664     137.98440185     138.08057919     138.17193212     138.25767195     138.33712679     138.39112699     138.42297696     138.40253306     138.43711720
     138.46872564     138.50643997     138.46073890     138.48545907     138.57253694     138.63724289     138.53886231     138.61956964     138.73015508     138.80319964     138.71485232     138.79280344     138.90436359     138.99412151     138.93109652     139.04026533     139.21668481     139.46662824     139.68482063     139.89079851
     140.09420134     140.30211878     140.50998095     140.72211257     140.92459810     141.13664365     141.27346821     136.34730194     136.58889887     136.87508483     137.07336065     137.21484307     137.32866804     137.42940468     137.52596149     137.62405746     137.72532406     137.82427986     137.91151791     137.98295580
     138.03427111     138.06335337     138.07038934     138.05694207     138.02556397     137.97844449     137.93473982     137.90007864     137.88524986     137.91898098     137.94745375     138.02565120     138.04441226     138.11360382     138.14540295     138.15428876     138.20810891     138.27156567     138.24731740     138.29641667
     138.31611989     138.33754181     138.36297341     138.39383020     138.37398584     138.39646533     138.41988663     138.44921138     138.42585081     138.46318989     138.50961300     138.54768637     138.60527004     138.73536566     138.89982661     139.12284975     139.35995935     139.57131128     139.76318287     139.95212852
     140.14176995     140.33228226     140.52278940     140.70611914     140.83366544     136.83453922     137.22853003     137.42577955     137.54922237     137.64389939     137.73338659     137.82814215     137.93178254     138.04277656     138.15293778     138.24175721     138.30535178     138.34651339     138.36485346     138.36604448
     138.34762682     138.30630177     138.25883293     138.20303639     138.15566235     138.14422624     138.16870963     138.23712422     138.28176999     138.32705545     138.34661050     138.38972402     138.35332135     138.36370170     138.42315845     138.44407115     138.38349896     138.39705052     138.47089225     138.49281559
     138.43208429     138.48644555     138.53227692     138.56345794     138.59109505     138.69101140     138.81308821     138.95129968     139.13501162     139.32886979     139.51435957     139.69372246     139.86517176     140.03876725     140.20859059     140.37543736     140.49170517     137.67842619     137.88176737     137.93670774
     137.98945930     138.06073349     138.15208942     138.26599691     138.39991899     138.54313504     138.62382321     138.67380787     138.69829728     138.70746497     138.70429523     138.68891788     138.62069348     138.55930769     138.50171400     138.44761249     138.42427972     138.43085921     138.47028150     138.51934261
     138.59146801     138.67085477     138.75016823     138.83414125     138.94103722     139.06689625     139.22536831     139.37574419     139.52309240     139.67834774     139.83801189     139.98742504     140.15467988     140.28805199     140.38538878     138.22976882     138.34033023     138.33753973     138.39418113     138.48866462
     138.61587307     138.77942672     139.01087417     139.04856854     139.07681975     139.08527375     139.08179694     139.07539013     139.09122608     138.96028048     138.89572741     138.86182287     138.80146293     138.74567560     138.71881277     138.73091053     138.79014396     138.87671063     138.96190905     139.04819080
     139.14021225     139.24817211     139.37166517     139.50174265     139.61101429     139.72900158     139.85977445     140.02099999     140.11611264     140.20378356     138.60823105     138.63801839     138.71046354     138.82048822     138.95829235     139.11362845     139.25082411     139.35154919     139.30682205     139.28115011
     139.30290536     139.18045067     139.12999501     139.11183830     139.12036978     139.18598879     139.26229669     139.33398419     139.40944183     139.48941744     139.57536905     139.67953132     139.82954356     139.87765248     139.95243730     140.03978736     140.12052538     139.62957360     139.61740481     139.65046824
     139.74482830     139.85015981     139.90454933     139.91976718     139.92310037     139.92616336     139.93986647     139.96441182     140.00188966     140.05138957
