  1 344     142.50000000      86.40000000       1.00000000  red
  1 345     142.50000000      86.40000000       1.00000000  red
  1 428     142.50000000      86.40000000       1.00000000  red
  1 429     142.50000000      86.40000000       1.00000000  red
  1 504     142.50000000      86.40000000       1.00000000  red
  1 505     142.50000000      86.40000000       1.00000000  red
  1 584     142.50000000      86.40000000       1.00000000  red
  1 585     142.50000000      86.40000000       1.00000000  red
  1 665     142.50000000      86.40000000       1.00000000  red
  1 666     142.50000000      86.40000000       1.00000000  red
  1 747     142.50000000      86.40000000       1.00000000  red
  1 748     142.50000000      86.40000000       1.00000000  red
  1 830     142.50000000      86.40000000       1.00000000  red
  1 831     142.50000000      86.40000000       1.00000000  red
  1 914     142.50000000      86.40000000       1.00000000  red
  1 1000     142.50000000      86.40000000       1.00000000  red
  1 1082     142.50000000      86.40000000       1.00000000  red
  1 1166     142.50000000      86.40000000       1.00000000  red
  1 1258     142.50000000      86.40000000       1.00000000  red
  1 1355     142.50000000      86.40000000       1.00000000  red
  1 1445     142.50000000      86.40000000       1.00000000  red
  1 1546     142.50000000      86.40000000       1.00000000  red
  1 1646     142.50000000      86.40000000       1.00000000  red
  1 1763     142.50000000      86.40000000       1.00000000  red
  1 1846     142.50000000      86.40000000       1.00000000  red
  1 1919     142.50000000      86.40000000       1.00000000  red
  1 1994     142.50000000      86.40000000       1.00000000  red
  1 2068     142.50000000      86.40000000       1.00000000  red
  1 2141     142.50000000      86.40000000       1.00000000  red
  1 2210     142.50000000      86.40000000       1.00000000  red
  1 2281     142.50000000      86.40000000       1.00000000  red
  1 2387     142.50000000      86.40000000       1.00000000  red
  1 2498     142.50000000      86.40000000       1.00000000  red
  1 2584     142.50000000      86.40000000       1.00000000  red
  1 2669     142.50000000      86.40000000       1.00000000  red
  1 2670     142.50000000      86.40000000       1.00000000  red
  1 2735     142.50000000      86.40000000       1.00000000  red
  1 2736     142.50000000      86.40000000       1.00000000  red
  1 2799     142.50000000      86.40000000       1.00000000  red
  1 2800     142.50000000      86.40000000       1.00000000  red
  1 2792     141.00000000      86.40000000       1.00000000  yellow
  1 2793     141.00000000      86.40000000       1.00000000  yellow
  1 2794     141.00000000      86.40000000       1.00000000  yellow
  1 2795     141.00000000      86.40000000       1.00000000  yellow
  1 2796     141.00000000      86.40000000       1.00000000  yellow
  1 2797     141.00000000      86.40000000       1.00000000  yellow
  1 2798     141.00000000      86.40000000       1.00000000  yellow
  1 2799     141.00000000      86.40000000       1.00000000  yellow
  1 2865     141.00000000      86.40000000       1.00000000  yellow
  1 2866     141.00000000      86.40000000       1.00000000  yellow
  1 2867     141.00000000      86.40000000       1.00000000  yellow
  1 2923     141.00000000      86.40000000       1.00000000  yellow
  1 2924     141.00000000      86.40000000       1.00000000  yellow
  1 2925     141.00000000      86.40000000       1.00000000  yellow
  1 2927     141.00000000      86.40000000       1.00000000  yellow
  1 2976     141.00000000      86.40000000       1.00000000  yellow
  1 2977     141.00000000      86.40000000       1.00000000  yellow
  1 2978     141.00000000      86.40000000       1.00000000  yellow
  1 2979     141.00000000      86.40000000       1.00000000  yellow
  1 3013     141.00000000      86.40000000       1.00000000  yellow
  1 3014     141.00000000      86.40000000       1.00000000  yellow
  1 3015     141.00000000      86.40000000       1.00000000  yellow
  1 3016     141.00000000      86.40000000       1.00000000  yellow
  1 3017     141.00000000      86.40000000       1.00000000  yellow
  1 3023     141.00000000      86.40000000       1.00000000  yellow
  1 3024     141.00000000      86.40000000       1.00000000  yellow
  1 3025     141.00000000      86.40000000       1.00000000  yellow
  1 3026     141.00000000      86.40000000       1.00000000  yellow
  1 3027     141.00000000      86.40000000       1.00000000  yellow
  1 3028     141.00000000      86.40000000       1.00000000  yellow
  1 3029     141.00000000      86.40000000       1.00000000  yellow
  1 3048     141.00000000      86.40000000       1.00000000  yellow
  1 3049     141.00000000      86.40000000       1.00000000  yellow
  1 3050     141.00000000      86.40000000       1.00000000  yellow
  1 3051     141.00000000      86.40000000       1.00000000  yellow
  1 3052     141.00000000      86.40000000       1.00000000  yellow
  1 3053     141.00000000      86.40000000       1.00000000  yellow
  1 3054     141.00000000      86.40000000       1.00000000  yellow
  1 3055     141.00000000      86.40000000       1.00000000  yellow
  1 3056     141.00000000      86.40000000       1.00000000  yellow
  1 3057     141.00000000      86.40000000       1.00000000  yellow
  1 3058     141.00000000      86.40000000       1.00000000  yellow
  1 3059     141.00000000      86.40000000       1.00000000  yellow
  1 3060     141.00000000      86.40000000       1.00000000  yellow
  1 3061     141.00000000      86.40000000       1.00000000  yellow
  1 3073     141.00000000      86.40000000       1.00000000  yellow
  1 3074     141.00000000      86.40000000       1.00000000  yellow
  1 3075     141.00000000      86.40000000       1.00000000  yellow
  1 3076     141.00000000      86.40000000       1.00000000  yellow
  1 3077     141.00000000      86.40000000       1.00000000  yellow
  1 3078     141.00000000      86.40000000       1.00000000  yellow
  1 3079     141.00000000      86.40000000       1.00000000  yellow
  1 3080     141.00000000      86.40000000       1.00000000  yellow
  1 3081     141.00000000      86.40000000       1.00000000  yellow
  1 3082     141.00000000      86.40000000       1.00000000  yellow
  1 3083     141.00000000      86.40000000       1.00000000  yellow
  1 3084     141.00000000      86.40000000       1.00000000  yellow
  1 3085     141.00000000      86.40000000       1.00000000  yellow
  1 3086     141.00000000      86.40000000       1.00000000  yellow
  1 3087     141.00000000      86.40000000       1.00000000  yellow
  1 3088     141.00000000      86.40000000       1.00000000  yellow
  1 3089     141.00000000      86.40000000       1.00000000  yellow
  1 3090     141.00000000      86.40000000       1.00000000  yellow
  1 1     135.00000000      86.40000000       1.00000000  green
  1 22     135.00000000      86.40000000       1.00000000  green
  1 23     135.00000000      86.40000000       1.00000000  green
  1 50     135.00000000      86.40000000       1.00000000  green
  1 51     135.00000000      86.40000000       1.00000000  green
  1 83     135.00000000      86.40000000       1.00000000  green
  1 84     135.00000000      86.40000000       1.00000000  green
  1 115     135.00000000      86.40000000       1.00000000  green
  1 116     135.00000000      86.40000000       1.00000000  green
  1 149     135.00000000      86.40000000       1.00000000  green
  1 150     135.00000000      86.40000000       1.00000000  green
  1 185     135.00000000      86.40000000       1.00000000  green
  1 186     135.00000000      86.40000000       1.00000000  green
  1 223     135.00000000      86.40000000       1.00000000  green
  1 224     135.00000000      86.40000000       1.00000000  green
  1 263     135.00000000      86.40000000       1.00000000  green
  1 264     135.00000000      86.40000000       1.00000000  green
  1 346     135.00000000      86.40000000       1.00000000  green
  1 430     135.00000000      86.40000000       1.00000000  green
  1 506     135.00000000      86.40000000       1.00000000  green
  1 586     135.00000000      86.40000000       1.00000000  green
  1 667     135.00000000      86.40000000       1.00000000  green
  1 749     135.00000000      86.40000000       1.00000000  green
  1 832     135.00000000      86.40000000       1.00000000  green
  1 915     135.00000000      86.40000000       1.00000000  green
  1 916     135.00000000      86.40000000       1.00000000  green
  1 1001     135.00000000      86.40000000       1.00000000  green
  1 1002     135.00000000      86.40000000       1.00000000  green
  1 1083     135.00000000      86.40000000       1.00000000  green
  1 1084     135.00000000      86.40000000       1.00000000  green
  1 1167     135.00000000      86.40000000       1.00000000  green
  1 1168     135.00000000      86.40000000       1.00000000  green
  1 1259     135.00000000      86.40000000       1.00000000  green
  1 1260     135.00000000      86.40000000       1.00000000  green
  1 1356     135.00000000      86.40000000       1.00000000  green
  1 1357     135.00000000      86.40000000       1.00000000  green
  1 1446     135.00000000      86.40000000       1.00000000  green
  1 1447     135.00000000      86.40000000       1.00000000  green
  1 1547     135.00000000      86.40000000       1.00000000  green
  1 1548     135.00000000      86.40000000       1.00000000  green
  1 1647     135.00000000      86.40000000       1.00000000  green
  1 1648     135.00000000      86.40000000       1.00000000  green
  1 1764     135.00000000      86.40000000       1.00000000  green
  1 1765     135.00000000      86.40000000       1.00000000  green
  1 1847     135.00000000      86.40000000       1.00000000  green
  1 1848     135.00000000      86.40000000       1.00000000  green
  1 1920     135.00000000      86.40000000       1.00000000  green
  1 1921     135.00000000      86.40000000       1.00000000  green
  1 1995     135.00000000      86.40000000       1.00000000  green
  1 1996     135.00000000      86.40000000       1.00000000  green
  1 2069     135.00000000      86.40000000       1.00000000  green
  1 2070     135.00000000      86.40000000       1.00000000  green
  1 2142     135.00000000      86.40000000       1.00000000  green
  1 2143     135.00000000      86.40000000       1.00000000  green
  1 2211     135.00000000      86.40000000       1.00000000  green
  1 2212     135.00000000      86.40000000       1.00000000  green
  1 2282     135.00000000      86.40000000       1.00000000  green
  1 2283     135.00000000      86.40000000       1.00000000  green
  1 2388     135.00000000      86.40000000       1.00000000  green
  1 2389     135.00000000      86.40000000       1.00000000  green
  1 2499     135.00000000      86.40000000       1.00000000  green
  1 2500     135.00000000      86.40000000       1.00000000  green
  1 2585     135.00000000      86.40000000       1.00000000  green
  1 2586     135.00000000      86.40000000       1.00000000  green
  1 2671     135.00000000      86.40000000       1.00000000  green
  1 2672     135.00000000      86.40000000       1.00000000  green
  1 2737     135.00000000      86.40000000       1.00000000  green
  1 2738     135.00000000      86.40000000       1.00000000  green
  1 2801     135.00000000      86.40000000       1.00000000  green
  1 2802     135.00000000      86.40000000       1.00000000  green
  1 2868     135.00000000      86.40000000       1.00000000  green
  1 2869     135.00000000      86.40000000       1.00000000  green
  1 2926     135.00000000      86.40000000       1.00000000  green
  1 2927     135.00000000      86.40000000       1.00000000  green
  1 1     136.50000000      86.40000000       1.00000000  blue
  1 2     136.50000000      86.40000000       1.00000000  blue
  1 3     136.50000000      86.40000000       1.00000000  blue
  1 4     136.50000000      86.40000000       1.00000000  blue
  1 5     136.50000000      86.40000000       1.00000000  blue
  1 6     136.50000000      86.40000000       1.00000000  blue
  1 7     136.50000000      86.40000000       1.00000000  blue
  1 8     136.50000000      86.40000000       1.00000000  blue
  1 9     136.50000000      86.40000000       1.00000000  blue
  1 10     136.50000000      86.40000000       1.00000000  blue
  1 11     136.50000000      86.40000000       1.00000000  blue
  1 12     136.50000000      86.40000000       1.00000000  blue
  1 13     136.50000000      86.40000000       1.00000000  blue
  1 14     136.50000000      86.40000000       1.00000000  blue
  1 15     136.50000000      86.40000000       1.00000000  blue
  1 16     136.50000000      86.40000000       1.00000000  blue
  1 17     136.50000000      86.40000000       1.00000000  blue
  1 18     136.50000000      86.40000000       1.00000000  blue
  1 19     136.50000000      86.40000000       1.00000000  blue
  1 20     136.50000000      86.40000000       1.00000000  blue
  1 21     136.50000000      86.40000000       1.00000000  blue
  1 48     136.50000000      86.40000000       1.00000000  blue
  1 49     136.50000000      86.40000000       1.00000000  blue
  1 81     136.50000000      86.40000000       1.00000000  blue
  1 82     136.50000000      86.40000000       1.00000000  blue
  1 113     136.50000000      86.40000000       1.00000000  blue
  1 114     136.50000000      86.40000000       1.00000000  blue
  1 147     136.50000000      86.40000000       1.00000000  blue
  1 148     136.50000000      86.40000000       1.00000000  blue
  1 183     136.50000000      86.40000000       1.00000000  blue
  1 184     136.50000000      86.40000000       1.00000000  blue
  1 221     136.50000000      86.40000000       1.00000000  blue
  1 222     136.50000000      86.40000000       1.00000000  blue
  1 261     136.50000000      86.40000000       1.00000000  blue
  1 262     136.50000000      86.40000000       1.00000000  blue
  1 309     136.50000000      86.40000000       1.00000000  blue
  1 310     136.50000000      86.40000000       1.00000000  blue
  1 311     136.50000000      86.40000000       1.00000000  blue
  1 312     136.50000000      86.40000000       1.00000000  blue
  1 313     136.50000000      86.40000000       1.00000000  blue
  1 314     136.50000000      86.40000000       1.00000000  blue
  1 315     136.50000000      86.40000000       1.00000000  blue
  1 316     136.50000000      86.40000000       1.00000000  blue
  1 316     139.50000000      86.40000000       1.00000000  magenta
  1 317     139.50000000      86.40000000       1.00000000  magenta
  1 318     139.50000000      86.40000000       1.00000000  magenta
  1 319     139.50000000      86.40000000       1.00000000  magenta
  1 320     139.50000000      86.40000000       1.00000000  magenta
  1 321     139.50000000      86.40000000       1.00000000  magenta
  1 322     139.50000000      86.40000000       1.00000000  magenta
  1 323     139.50000000      86.40000000       1.00000000  magenta
  1 324     139.50000000      86.40000000       1.00000000  magenta
  1 325     139.50000000      86.40000000       1.00000000  magenta
  1 326     139.50000000      86.40000000       1.00000000  magenta
  1 327     139.50000000      86.40000000       1.00000000  magenta
  1 328     139.50000000      86.40000000       1.00000000  magenta
  1 329     139.50000000      86.40000000       1.00000000  magenta
  1 330     139.50000000      86.40000000       1.00000000  magenta
  1 331     139.50000000      86.40000000       1.00000000  magenta
  1 332     139.50000000      86.40000000       1.00000000  magenta
  1 333     139.50000000      86.40000000       1.00000000  magenta
  1 334     139.50000000      86.40000000       1.00000000  magenta
  1 335     139.50000000      86.40000000       1.00000000  magenta
  1 336     139.50000000      86.40000000       1.00000000  magenta
  1 337     139.50000000      86.40000000       1.00000000  magenta
  1 338     139.50000000      86.40000000       1.00000000  magenta
  1 339     139.50000000      86.40000000       1.00000000  magenta
  1 340     139.50000000      86.40000000       1.00000000  magenta
  1 341     139.50000000      86.40000000       1.00000000  magenta
  1 342     139.50000000      86.40000000       1.00000000  magenta
  1 343     139.50000000      86.40000000       1.00000000  magenta
  1 344     139.50000000      86.40000000       1.00000000  magenta
