* earth properties 
0.5  0.0                
5    1   
43.2 0.5  0.5  0.1                
* volume to elevation
136.0 30   20   2    -9999.0 9999.0
* topographic surface
152.2
* initial conditions
0.07      
1    1
0.0 
0.0 
* solution parameters
4    500  1e-05
* timing information
1461 100 
14 29 43 58 73 87 102 116 131 146 
160 175 189 204 219 233 248 262 277 292 
306 321 336 350 365 379 394 409 423 438 
452 467 482 496 511 525 540 555 569 584 
599 613 628 642 657 672 686 701 715 730 
745 759 774 788 803 818 832 847 861 876 
891 905 920 935 949 964 978 993 1008 1022 
1037 1051 1066 1081 1095 1110 1124 1139 1154 1168 
1183 1198 1212 1227 1241 1256 1271 1285 1300 1314 
1329 1344 1358 1373 1387 1402 1417 1431 1446 1461 
* data filenames
0.8  1.0
rainfall.dat
evapot.dat
0    0.0
