   49.999991210    
   49.999974178    
   50.000005419    
   50.000001548    
   49.999996174    
   49.999993351    
   50.000012934    
   49.999992941    
   50.000007196    
   49.999977001    
   49.999988455    
   50.000007560    
   49.999976409    
   50.000007657    
   50.000002960    
   49.999975316    
   50.000008790    
   49.999997723    
   50.000009245    
   50.000006103    
   49.999996949    
   50.000004645    
   50.000000911    
   50.000008106    
   50.000006558    
   49.999978140    
   49.999991711    
   49.999998555    
   50.000003749    
   49.999981954    
   49.999996823    
   50.000029022    
   49.999986451    
   50.000000387    
   49.999986218    
   50.000022589    
   50.000010065    
   50.000015234    
   49.999994395    
   49.999999226    
   49.999998975    
   50.000013105    
   49.999996971    
   49.999982455    
   49.999992281    
   49.999988642    
   50.000014408    
   49.999996334    
   50.000011477    
   50.000007105    
   49.999995947    
   49.999999909    
   50.000007810    
   49.999999852    
   49.999989776    
   50.000004366    
   49.999989844    
   50.000011397    
   49.999982062    
   50.000006129    
   50.000017624    
   50.000007998    
   50.000004975    
   49.999992457    
   49.999997865    
   49.999995627    
   50.000008858    
   50.000014460    
   50.000021140    
   49.999989685    
   49.999999590    
   49.999996123    
   49.999996015    
   49.999992861    
   50.000007776    
   50.000004338    
   49.999991176    
   49.999991336    
   49.999991545    
   50.000013594    
   49.999992770    
   50.000001958    
   50.000012319    
   50.000017921    
   50.000002368    
   50.000017978    
   50.000008708    
   50.000009689    
   50.000003854    
   50.000017926    
   50.000012245    
   50.000010509    
   49.999986076    
   50.000003352    
   49.999999937    
   50.000007432    
   50.000005670    
   50.000007406    
   50.000016942    
   50.000000134    
   50.000010924    
   50.000010896    
   50.000007728    
   49.999995984    
   49.999989195    
   49.999984897    
   50.000021376    
   49.999996374    
   50.000000568    
   49.999986206    
   49.999990482    
   50.000010674    
   49.999990604    
   50.000000000    
   49.999996539    
   50.000001366    
   50.000000364    
   49.999986944    
   49.999982899    
   50.000010079    
   49.999999793    
   49.999998039    
   50.000003029    
   49.999995566    
   49.999988072    
   50.000024100    
   49.999999169    
   50.000000614    
   50.000000387    
   50.000002434    
   50.000020360    
   49.999993315    
   50.000000763    
   49.999988114    
   49.999995861    
   49.999984584    
   50.000014941    
   49.999995932    
   50.000006308    
   49.999996419    
   50.000009881    
   50.000012702    
   49.999997495    
   50.000005016    
   49.999986283    
   50.000018356    
   49.999994045    
   49.999998181    
   49.999994011    
   50.000012843    
   49.999993214    
   50.000001526    
   50.000002960    
   49.999986679    
   50.000014710    
   50.000007076    
   49.999990704    
   49.999995574    
   50.000000228    
   49.999980864    
   50.000001833    
   50.000007344    
   50.000012313    
   50.000003199    
   50.000011370    
   49.999984733    
   49.999995480    
   50.000012496    
   49.999992599    
   49.999982640    
   50.000002078    
   50.000014542    
   50.000004125    
   49.999986838    
   49.999984732    
   49.999988683    
   50.000001486    
   49.999997426    
   49.999996313    
   50.000013936    
   50.000005260    
   50.000017215    
   49.999978089    
   50.000011158    
   50.000007059    
   49.999996539    
   50.000013207    
   49.999998100    
   49.999989804    
   50.000004005    
   50.000012555    
   49.999982128    
   50.000026300    
   49.999989978    
   49.999990860    
   49.999990492    
   49.999997148    
   49.999985124    
   50.000000820    
   50.000032705    
   49.999997814    
   49.999988570    
   50.000013814    
   50.000005977    
   50.000003455    
   50.000017699    
   50.000009450    
   49.999992121    
   50.000011579    
   49.999979700    
   50.000002636    
   50.000011656    
   49.999992053    
   50.000022341    
   49.999984740    
   50.000007906    
   50.000006308    
   49.999995329    
   49.999980258    
   50.000010859    
   50.000023138    
   49.999982307    
   50.000000638    
   50.000014118    
   49.999978072    
   49.999996174    
   49.999996092    
   50.000004705    
   49.999990852    
   50.000007127    
   49.999996915    
   49.999995200    
   50.000011084    
   50.000000316    
   50.000012979    
   49.999994743    
   50.000001805    
   49.999989992    
   50.000011443    
   50.000017636    
   50.000007930    
   49.999986975    
   50.000011978    
   50.000006097    
   49.999999972    
   49.999991774    
   49.999993453    
   49.999983440    
   50.000025555    
   50.000001941    
   50.000013998    
   49.999999547    
   49.999981756    
   50.000019296    
   50.000006450    
   49.999986929    
   49.999987755    
   49.999997233    
   50.000018194    
   50.000006717    
   49.999973088    
   50.000004099    
   49.999993977    
   50.000002368    
   49.999995537    
   50.000004964    
   50.000016953    
   50.000001719    
   49.999976511    
   49.999997334    
   49.999997882    
   49.999992110    
   49.999993157    
   50.000007056    
   49.999993562    
   50.000004796    
   49.999984914    
   49.999986076    
   50.000019193    
   50.000001349    
   49.999985794    
   49.999978379    
   50.000014492    
   50.000007366    
   49.999970540    
   50.000001699    
   49.999996448    
   50.000030926    
   49.999993755    
   49.999990436    
   49.999993718    
   49.999985928    
   49.999996767    
   50.000005064    
   50.000010759    
   50.000009108    
   50.000000366    
   50.000002970    
   49.999979064    
   49.999997441    
   49.999997663    
   50.000012164    
   49.999998998    
   49.999979660    
   50.000023391    
   50.000005861    
   50.000013919    
   49.999999157    
   50.000007315    
   50.000007321    
   49.999991617    
   49.999997814    
   49.999993590    
   50.000024638    
   49.999987203    
   50.000015735    
   50.000000000    
   50.000000000    
   49.999998360    
   49.999992759    
   50.000013663    
   50.000007879    
   49.999992121    
   50.000003188    
   49.999992622    
   50.000014847    
   50.000013298    
   50.000006376    
   49.999985882    
   49.999992895    
   50.000011340    
   49.999988341    
   49.999995446    
   49.999994216    
   50.000004645    
   49.999980599    
   50.000007105    
   49.999997313    
   49.999993943    
   49.999996812    
   50.000009154    
   49.999995446    
   49.999981419    
   50.000004372    
   50.000006604    
   50.000004859    
   50.000002095    
   50.000002778    
   49.999986702    
   49.999990892    
   49.999993396    
   49.999991723    
   49.999993533    
   49.999996072    
   49.999988962    
   49.999998452    
   50.000013133    
   49.999995547    
   50.000020739    
   49.999995409    
   50.000014010    
   50.000013473    
   49.999995439    
   50.000017858    
   50.000010549    
   49.999993710    
   49.999997736    
   50.000007216    
   50.000007070    
   50.000002916    
   49.999996932    
   49.999995067    
   50.000002519    
   49.999991534    
   49.999979324    
   49.999988999    
   49.999992322    
   50.000009415    
   50.000003558    
   49.999982643    
   50.000005661    
   50.000011226    
   49.999988330    
   50.000013646    
   50.000009797    
   50.000028037    
   49.999984278    
   50.000001009    
   49.999999080    
   50.000005046    
   49.999988811    
   49.999983559    
   49.999986950    
   50.000005476    
   49.999982017    
   49.999996769    
   49.999994370    
   49.999997712    
   49.999995195    
   50.000000406    
   49.999997925    
   49.999981965    
   49.999975516    
   49.999996892    
   50.000001822    
   49.999987123    
   49.999995685    
   50.000013014    
   50.000000273    
   49.999991609    
   49.999987567    
   49.999992440    
   49.999996129    
   50.000004531    
   50.000004884    
   49.999984516    
   50.000007867    
   50.000017351    
   50.000019378    
   49.999997632    
   50.000003233    
   49.999997370    
   49.999999226    
   50.000014596    
   50.000002915    
   50.000001207    
   50.000006854    
   49.999998507    
   50.000000512    
   50.000006512    
   49.999978060    
   50.000001161    
   49.999979916    
   49.999993670    
   49.999999185    
   50.000010475    
   50.000011533    
   50.000000125    
   49.999996812    
   49.999996129    
   50.000008562    
   49.999970119    
   49.999989730    
   50.000008273    
   49.999993658    
   50.000023505    
   49.999988848    
   50.000001355    
   49.999996351    
   50.000001250    
   49.999993055    
   50.000013287    
   50.000007184    
   49.999995081    
   50.000009063    
   49.999980952    
   49.999997774    
   49.999992200    
   50.000015780    
   50.000005898    
   49.999993284    
   50.000003011    
   50.000007187    
   50.000001890    
   50.000024106    
   49.999989554    
   49.999996488    
   49.999990795    
   50.000019150    
   50.000001201    
   50.000014966    
   50.000021524    
   49.999995594    
   49.999993932    
   50.000018698    
   50.000014699    
   49.999990642    
   49.999990789    
   50.000009467    
   50.000013549    
   50.000002881    
   50.000003837    
   50.000011107    
   50.000003831    
   50.000017078    
   49.999990616    
   50.000006262    
   49.999988091    
   49.999985298    
   50.000012410    
   50.000006478    
   50.000007924    
   49.999989010    
   50.000009108    
   50.000007173    
   50.000000309    
   49.999994387    
   49.999985250    
   50.000004423    
   49.999980878    
   49.999986736    
   50.000016828    
   49.999991607    
   50.000005864    
   50.000003370    
   50.000003520    
   49.999994427    
   49.999994524    
   49.999985791    
   49.999991452    
   49.999995321    
   49.999992555    
   50.000009979    
   50.000000942    
   50.000006239    
   50.000008607    
   49.999998269    
   50.000001913    
   49.999994057    
   49.999989332    
   50.000013793    
   50.000015935    
   50.000012103    
   50.000024614    
   50.000006814    
   50.000005283    
   49.999993169    
   50.000005179    
   49.999989949    
   50.000013640    
   49.999998810    
   49.999984501    
   50.000010394    
   49.999980383    
   49.999996943    
   50.000001227    
   50.000020221    
   50.000005539    
   49.999997499    
   50.000000510    
   50.000032585    
   50.000014511    
   50.000006982    
   50.000001906    
   50.000000505    
   50.000016981    
   49.999991783    
   49.999993889    
   50.000009144    
   49.999991293    
   50.000020932    
   49.999998623    
   49.999997672    
   50.000000364    
   50.000024917    
   50.000004355    
   49.999976304    
   50.000017807    
   50.000012988    
   49.999996151    
   49.999991837    
   49.999998269    
   49.999982694    
   50.000005698    
   50.000011246    
   49.999995785    
   50.000000324    
   50.000010651    
   49.999988734    
   49.999999635    
   49.999977781    
   50.000026155    
   50.000009985    
   50.000009293    
   49.999985199    
   49.999976734    
   50.000002356    
   50.000008021    
   50.000000945    
   50.000000521    
   50.000000142    
   50.000000899    
   50.000011545    
   50.000017944    
   49.999988995    
   49.999995275    
   50.000008548    
   49.999997586    
   49.999997017    
   50.000009974    
   50.000000751    
   49.999990162    
   49.999988432    
   50.000013224    
   50.000004736    
   49.999997860    
   50.000016122    
   49.999996439    
   49.999998474    
   50.000004093    
   50.000009826    
   50.000011477    
   49.999996786    
   50.000013821    
   49.999995638    
   50.000000433    
   49.999994962    
   49.999998691    
   49.999980611    
   49.999993351    
   50.000014795    
   49.999999493    
   50.000007776    
   50.000002381    
   49.999997706    
   49.999977292    
   50.000006655    
   50.000009222    
   50.000007013    
   49.999996396    
   49.999973641    
   50.000001230    
   49.999998372    
   50.000001213    
   49.999985717    
   49.999983548    
   50.000010247    
   49.999982922    
   49.999977714    
   49.999997529    
   50.000003564    
   50.000015532    
   49.999994461    
   50.000009263    
   50.000001030    
   50.000010579    
   50.000006754    
   49.999991450    
   49.999991928    
   49.999981294    
   49.999981072    
   49.999999180    
   49.999996322    
   50.000009569    
   49.999999869    
   50.000004987    
   50.000005078    
   49.999985335    
   49.999995665    
   50.000001443    
   49.999998474    
   50.000003780    
   49.999995104    
   49.999991131    
   50.000024228    
   50.000010226    
   49.999982635    
   49.999981567    
   50.000016916    
   50.000010850    
   49.999994262    
   50.000001150    
   50.000002905    
   49.999998093    
   49.999994706    
   50.000028856    
   49.999984971    
   49.999998554    
   49.999984721    
   49.999982808    
   49.999995565    
   50.000005015    
   50.000000262    
   50.000000586    
   50.000008101    
   49.999996129    
   50.000010839    
   50.000023955    
   49.999997427    
   49.999999368    
   50.000005989    
   50.000007887    
   49.999990949    
   50.000005367    
   49.999999260    
   49.999995019    
   50.000010090    
   49.999996365    
   50.000012231    
   50.000010833    
   50.000005933    
   50.000017462    
   50.000011909    
   50.000008185    
   49.999996482    
   50.000014833    
   50.000001133    
   49.999984282    
   50.000001104    
   49.999991546    
   49.999990366    
   49.999990879    
   50.000014989    
   49.999983229    
   50.000007570    
   49.999998124    
   50.000001065    
   49.999997925    
   50.000004364    
   50.000005593    
   50.000004696    
   49.999991694    
   50.000001566    
   49.999990290    
   50.000009949    
   50.000009679    
   49.999992662    
   49.999992022    
   50.000017406    
   49.999966265    
   50.000004137    
   49.999986477    
   49.999988088    
   50.000002664    
   50.000016617    
   50.000005745    
   50.000020369    
   50.000016429    
   49.999995266    
   49.999995574    
   49.999999715    
   49.999997250    
   49.999991368    
   50.000013367    
   50.000002522    
   50.000002614    
   50.000009769    
   50.000013700    
   50.000014690    
   50.000014323    
   49.999989014    
   50.000032964    
   49.999995447    
   50.000001378    
   50.000000211    
   50.000006517    
   49.999991000    
   50.000011529    
   50.000015405    
   50.000003991    
   50.000001551    
   50.000001469    
   50.000001684    
   50.000016697    
   49.999994487    
   49.999994814    
   50.000003453    
   50.000004600    
   50.000000137    
   49.999988888    
   50.000014061    
   49.999976610    
   50.000003802    
   50.000003026    
   49.999990505    
   49.999986534    
   50.000004065    
   49.999990661    
   49.999996795    
   50.000019593    
   49.999977391    
   50.000000061    
   50.000000137    
   50.000006729    
   50.000014272    
   49.999993431    
   50.000008388    
   50.000007139    
   50.000002678    
   50.000009325    
   50.000008733    
   49.999998025    
   49.999995141    
   49.999983280    
   49.999999000    
   49.999999163    
   49.999985882    
   49.999987647    
   50.000000006    
   50.000002055    
   50.000003535    
   49.999989400    
   50.000000876    
   49.999998639    
   50.000003556    
   50.000014218    
   49.999982609    
   50.000010008    
   50.000005156    
   49.999981055    
   50.000013637    
   50.000003518    
   49.999996846    
   50.000011568    
   49.999997746    
   49.999996656    
   50.000014460    
   49.999990009    
   50.000005459    
   50.000008511    
   49.999979448    
   49.999992850    
   49.999984092    
   49.999999476    
   50.000002678    
   49.999996095    
   49.999992207    
   49.999996749    
   49.999997803    
   50.000007615    
   50.000000250    
   49.999986579    
   50.000002397    
   50.000007776    
   50.000001178    
   49.999990015    
   49.999991552    
   50.000006621    
   50.000001133    
   50.000004324    
   49.999983605    
   50.000012268    
   50.000006712    
   49.999980314    
   50.000003114    
   50.000003826    
   49.999997091    
   50.000001648    
   50.000014391    
   50.000007375    
   50.000014118    
   50.000019037    
   49.999984436    
   49.999983531    
   49.999996897    
   49.999986941    
   50.000001788    
   49.999980457    
   50.000000339    
   50.000016879    
   50.000001907    
   49.999999192    
   50.000001190    
   49.999989304    
   49.999996391    
   49.999996277    
   50.000007668    
   49.999987804    
   50.000001657    
   49.999986838    
   50.000002875    
   50.000009857    
   49.999992207    
   50.000014838    
   49.999988122    
   49.999991364    
   50.000005114    
   49.999989133    
   49.999983381    
   50.000012308    
   50.000013688    
   50.000001306    
   49.999995702    
   50.000012120    
   49.999988821    
   49.999987504    
   50.000018729    
   49.999997404    
   50.000014961    
   49.999997672    
   49.999979666    
   50.000004523    
   49.999994256    
   49.999996752    
   49.999997481    
   50.000004241    
   49.999997592    
   49.999999590    
   49.999986548    
   50.000031020    
   50.000005038    
   50.000000635    
   50.000008511    
   49.999989682    
   50.000012649    
   49.999985141    
   49.999999932    
   49.999987112    
   50.000009069    
   49.999993174    
   50.000000670    
   50.000019059    
   49.999998918    
   50.000018661    
   50.000001284    
   49.999999007    
   50.000006392    
   50.000004272    
   50.000000905    
   49.999983494    
   50.000016953    
   50.000000484    
   50.000001175    
   49.999988649    
   50.000005546    
   50.000008545    
   50.000014852    
   50.000006499    
   50.000000603    
   49.999996971    
   49.999987080    
   49.999995173    
   50.000004349    
   49.999989457    
   50.000014107    
   50.000003023    
   50.000012403    
   50.000002459    
   50.000006467    
   50.000018877    
   49.999985250    
   50.000002414    
   50.000003948    
   50.000003051    
   50.000014135    
   49.999994182    
   50.000017323    
   49.999986542    
   50.000004755    
   50.000013623    
   50.000020343    
   49.999990835    
   49.999994516    
   50.000004344    
   50.000015040    
   49.999982181    
   50.000003484    
   50.000009396    
   49.999998190    
   50.000010506    
   49.999999781    
   49.999989685    
   50.000003173    
   50.000021462    
   49.999992699    
   49.999979552    
   50.000003888    
   49.999982740    
   49.999981379    
   49.999981675    
   50.000002550    
   50.000011761    
   50.000004907    
   49.999992665    
   49.999988802    
   49.999998095    
   49.999998907    
   49.999988301    
   50.000010537    
   49.999988785    
   49.999998981    
   50.000027826    
   50.000020790    
   49.999993988    
   49.999986811    
   50.000011699    
   49.999997847    
   50.000014471    
   50.000001791    
   49.999989924    
   49.999989992    
   49.999998873    
   50.000022355    
   49.999998175    
   49.999995306    
   49.999993781    
   50.000001998    
   50.000000068    
   49.999999898    
   49.999999442    
   49.999973196    
   50.000011216    
   49.999997803    
   50.000001440    
   49.999969345    
   50.000006888    
   49.999992385    
   50.000003786    
   50.000002488    
   49.999988854    
   49.999983697    
   49.999986972    
   50.000005112    
   50.000007865    
   50.000010560    
   49.999994544    
   49.999993712    
   49.999978914    
   50.000002687    
   50.000001389    
   49.999999769    
   49.999997746    
   50.000004099    
   50.000000616    
   49.999983707    
   49.999970722    
   49.999993214    
   50.000000114    
   49.999992281    
   50.000003387    
   49.999993362    
   50.000012715    
   49.999983154    
   50.000006420    
   49.999999089    
   49.999989070    
   49.999996835    
   50.000011477    
   49.999999644    
   50.000010492    
   49.999989320    
   49.999990493    
   49.999992622    
   49.999998489    
   49.999992861    
   49.999995913    
   49.999993394    
   49.999987647    
   50.000028208    
   49.999986873    
   49.999991108    
   50.000010167    
   50.000008915    
   50.000007772    
   49.999989241    
   49.999974361    
   50.000009421    
   50.000000609    
   50.000002169    
   49.999997985    
   50.000029817    
   49.999985313    
   50.000007819    
   50.000006262    
   49.999999286    
   50.000007916    
   49.999998701    
   49.999995457    
   49.999987874    
   49.999997729    
   49.999994763    
   49.999996711    
   49.999998002    
   49.999993371    
   49.999996584    
   50.000005106    
   50.000001213    
   49.999982276    
   49.999988392    
   49.999983098    
   50.000005647    
   49.999981590    
   50.000005852    
   49.999981886    
   50.000003239    
   50.000018285    
   49.999992106    
   49.999996140    
   49.999989662    
   49.999992745    
   50.000011232    
   49.999990006    
   49.999975282    
   50.000007306    
   50.000003040    
   49.999995412    
   49.999997045    
   49.999985113    
   49.999986827    
   49.999979310    
   50.000005761    
   50.000001822    
   50.000003769    
   50.000010411    
   49.999987077    
   49.999986343    
   49.999992656    
   50.000012712    
   49.999996288    
   50.000007224    
   50.000002955    
   49.999981715    
   50.000007154    
   49.999997398    
   50.000012527    
   49.999993840    
   50.000014021    
   49.999997546    
   49.999991808    
   50.000002330    
   50.000002983    
   50.000023430    
   49.999997911    
   49.999997715    
   49.999998332    
   50.000003006    
   49.999981032    
   49.999986474    
   50.000009564    
   49.999997000    
   49.999994478    
   49.999993157    
   49.999997282    
   50.000013796    
   50.000008095    
   49.999990048    
   50.000010359    
   50.000006575    
   50.000023464    
   49.999975709    
   49.999982713    
   49.999992537    
   49.999990702    
   49.999996180    
   49.999995958    
   50.000017431    
   49.999990587    
   49.999999526    
   50.000006880    
   49.999969006    
   49.999995164    
   50.000001921    
   49.999993749    
   49.999992027    
   50.000000319    
   49.999998786    
   49.999990180    
   50.000014385    
   49.999995984    
   49.999984547    
   50.000006066    
   50.000019187    
   49.999986540    
   49.999998591    
   50.000014948    
   49.999985001    
   49.999999328    
   50.000001702    
   49.999988235    
   49.999986490    
   49.999999535    
   49.999999602    
   49.999994432    
   49.999990674    
   49.999984038    
   49.999995526    
   50.000005259    
   49.999991290    
   49.999991928    
   50.000014733    
   50.000014317    
   50.000009834    
   50.000009268    
   49.999977243    
   49.999984817    
   49.999985575    
   50.000004511    
   49.999980454    
   49.999998019    
   49.999982267    
   50.000006894    
   50.000012006    
   50.000000540    
   50.000005252    
   49.999989437    
   49.999995343    
   50.000007042    
   50.000009770    
   50.000013441    
   50.000004305    
   49.999986892    
   49.999987261    
   49.999991393    
   49.999997899    
   50.000006460    
   50.000021190    
   49.999977083    
   50.000000336    
   50.000011810    
   50.000005814    
   49.999988200    
   49.999993630    
   50.000000649    
   50.000002072    
   49.999997057    
   50.000023465    
   50.000013507    
   49.999978231    
   50.000002735    
   50.000010930    
   50.000005025    
   50.000016643    
   50.000001343    
   50.000004893    
   49.999996342    
   49.999996838    
   49.999991095    
   49.999977730    
   50.000018331    
   49.999992231    
   49.999999539    
   50.000000222    
   50.000006638    
   50.000006837    
   50.000011203    
   50.000005283    
   50.000009996    
   50.000016247    
   50.000018928    
   49.999996169    
   50.000004509    
   50.000000410    
   50.000004625    
   50.000009514    
   50.000009399    
   49.999994629    
   50.000017505    
   50.000008585    
   49.999994023    
   50.000007628    
   49.999999510    
   50.000009769    
   49.999993102    
   50.000020172    
   50.000008613    
   50.000004695    
   49.999996549    
   49.999985415    
   49.999998998    
   49.999994034    
   49.999992235    
   49.999988856    
   50.000001722    
   50.000019344    
   50.000004304    
   49.999996539    
   49.999996767    
   50.000008436    
   50.000000811    
   49.999987038    
   49.999996430    
   49.999995457    
   50.000020164    
   49.999989514    
   49.999982375    
   49.999993510    
   49.999989969    
   50.000004540    
   50.000000895    
   50.000007074    
   50.000021257    
   50.000011346    
   50.000007594    
   50.000002015    
   49.999983184    
   50.000001002    
   50.000002243    
   50.000016112    
   50.000004107    
   49.999996860    
   50.000015917    
   50.000006350    
   50.000005044    
   50.000008243    
   49.999985703    
   49.999991017    
   50.000018869    
   50.000008858    
   50.000009892    
   50.000005459    
   49.999986275    
   50.000012843    
   50.000021771    
   49.999980383    
   50.000004708    
   49.999998286    
   49.999998076    
   50.000003376    
   49.999998876    
   49.999986434    
   50.000005939    
   50.000007867    
   49.999993499    
   50.000001503    
   50.000002123    
   50.000002015    
   49.999990855    
   50.000003771    
   50.000010372    
   49.999990333    
   49.999980320    
   49.999985990    
   50.000013315    
   49.999999271    
   49.999996470    
   49.999985096    
   49.999996072    
   50.000005710    
   49.999993035    
   49.999978790    
   49.999991119    
   49.999990866    
   49.999989013    
   49.999997529    
   49.999991956    
   49.999999083    
   49.999995790    
   49.999991118    
   49.999996784    
   50.000018395    
   49.999995036    
   49.999989115    
   49.999994660    
   49.999994119    
   49.999989708    
   49.999991074    
   50.000024766    
   50.000002718    
   49.999989258    
   50.000010987    
   50.000019025    
   50.000004517    
   50.000011613    
   50.000017248    
   49.999992235    
   50.000011226    
   49.999995901    
   49.999993197    
   49.999998805    
   50.000001355    
   50.000008289    
   50.000007560    
   50.000004281    
   49.999986844    
   49.999999636    
   49.999994962    
   50.000004233    
   49.999982204    
   50.000013369    
   49.999999012    
   50.000000421    
   50.000009912    
   49.999993026    
   50.000009854    
   50.000000535    
   50.000019207    
   50.000010246    
   49.999985649    
   49.999984112    
   49.999996987    
   50.000008642    
   50.000003982    
   49.999987277    
   49.999971662    
   49.999994763    
   49.999989219    
   49.999994576    
   50.000007648    
   49.999992121    
   49.999979719    
   50.000008578    
   50.000000700    
   49.999992044    
   50.000004857    
   49.999989663    
   50.000005422    
   49.999986453    
   50.000003132    
   50.000009769    
   49.999991620    
   49.999999055    
   50.000011923    
   50.000001768    
   49.999997814    
   49.999995338    
   49.999998938    
   50.000013737    
   49.999989870    
   50.000002687    
   49.999995258    
   50.000000957    
   50.000006501    
   49.999996374    
   50.000010719    
   49.999994191    
   49.999986667    
   49.999991768    
   50.000014169    
   49.999990189    
   50.000014092    
   50.000021581    
   50.000010093    
   49.999987567    
   49.999988034    
   49.999975786    
   49.999987163    
   49.999990517    
   49.999997165    
   50.000010079    
   49.999995624    
   50.000003313    
   49.999991626    
   49.999998010    
   49.999999364    
   49.999972903    
   49.999984576    
   50.000011464    
   49.999995446    
   50.000001674    
   49.999979025    
   49.999990451    
   50.000001110    
   49.999995862    
   50.000002163    
   49.999984438    
   49.999990065    
   49.999982253    
   50.000002947    
   50.000001753    
   49.999983867    
   49.999994324    
   49.999997825    
   49.999996018    
   50.000001634    
   49.999998010    
   49.999993018    
   49.999993778    
   49.999994346    
   49.999994943    
   50.000016054    
   50.000011198    
   50.000006518    
   49.999980776    
   50.000012979    
   49.999996365    
   50.000007677    
   50.000009709    
   49.999994862    
   49.999994392    
   49.999978869    
   49.999980001    
   50.000008468    
   50.000004213    
   50.000003188    
   50.000022481    
   50.000005522    
   50.000002340    
   50.000003548    
   49.999984465    
   49.999990579    
   49.999988575    
   50.000001589    
   49.999994137    
   50.000006763    
   50.000009029    
   50.000003766    
   50.000006877    
   49.999980282    
   50.000004879    
   50.000008351    
   49.999998752    
   49.999985840    
   49.999997649    
   49.999990675    
   49.999985950    
   50.000005294    
   50.000017670    
   49.999980053    
   49.999982967    
   49.999998269    
   50.000001651    
   49.999979765    
   49.999981009    
   50.000010418    
   49.999994820    
   49.999999954    
   50.000006179    
   50.000001964    
   50.000014175    
   50.000000416    
   49.999997803    
   50.000000461    
   50.000007734    
   50.000014656    
   49.999992719    
   50.000006854    
   50.000006843    
   49.999998577    
   49.999995099    
   49.999997529    
   50.000008625    
   49.999991592    
   50.000005727    
   50.000000843    
   50.000011431    
   50.000010452    
   50.000000837    
   50.000026404    
   49.999991687    
   50.000006661    
   50.000003791    
   50.000010324    
   49.999974852    
   49.999994216    
   49.999985398    
   50.000005351    
   50.000000182    
   50.000000643    
   49.999984391    
   49.999998723    
   50.000010463    
   50.000001645    
   50.000001577    
   49.999978425    
   49.999997358    
   49.999982301    
   49.999997559    
   49.999994045    
   49.999986241    
   50.000005226    
   50.000013378    
   50.000007939    
   50.000004090    
   50.000012614    
   49.999983798    
   49.999990754    
   49.999991916    
   50.000014941    
   50.000007099    
   50.000005166    
   50.000003538    
   49.999990823    
   49.999977377    
   50.000016606    
   50.000007230    
   49.999974767    
   50.000011255    
   49.999997357    
   49.999988953    
   49.999989579    
   50.000018382    
   50.000005841    
   49.999992676    
   50.000012256    
   49.999996698    
   50.000011280    
   50.000002789    
   49.999977548    
   49.999997766    
   49.999989924    
   49.999996986    
   50.000012177    
   50.000009120    
   50.000008163    
   49.999998782    
   49.999987453    
   49.999984083    
   50.000001238    
   50.000001557    
   49.999994104    
   50.000009326    
   50.000004509    
   50.000000239    
   49.999999532    
   49.999995300    
   50.000000478    
   49.999995144    
   49.999999937    
   49.999987052    
   50.000005215    
   50.000006053    
   49.999982095    
   49.999980411    
   50.000004110    
   50.000001503    
   50.000003837    
   50.000030129    
   50.000016147    
   49.999998033    
   49.999997495    
   49.999992173    
   50.000001628    
   49.999989127    
   50.000005556    
   50.000000142    
   49.999978601    
   49.999997336    
   50.000028691    
   50.000011067    
   50.000008050    
   50.000014551    
   49.999995824    
   49.999994304    
   50.000011235    
   50.000010338    
   49.999989696    
   49.999999465    
   49.999995543    
   50.000000934    
   50.000002277    
   50.000015302    
   49.999993715    
   50.000000137    
   50.000005986    
   49.999990208    
   49.999990191    
   49.999991026    
   50.000018818    
   50.000002180    
   49.999997265    
   50.000010327    
   50.000026814    
   50.000001819    
   49.999990866    
   50.000010022    
   49.999972268    
   49.999969199    
   49.999995503    
   50.000002420    
   50.000024967    
   50.000003558    
   49.999997172    
   49.999996345    
   50.000001509    
   49.999996567    
   50.000002590    
   50.000002673    
   49.999979728    
   49.999991717    
   50.000003034    
   50.000000825    
   49.999997831    
   49.999980528    
   50.000009662    
   50.000006539    
   50.000002835    
   50.000003618    
   50.000016698    
   50.000007802    
   49.999998805    
   49.999998463    
   50.000003669    
   50.000003882    
   49.999992890    
   49.999998496    
   50.000011420    
   50.000014420    
   50.000012567    
   50.000023850    
   50.000015356    
   50.000006855    
   50.000019076    
   50.000011140    
   50.000002450    
   49.999984265    
   49.999993265    
   50.000016382    
   49.999993547    
   49.999985828    
   50.000010258    
   50.000000133    
   49.999983157    
   50.000019973    
   50.000014243    
   49.999994774    
   49.999992338    
   50.000019059    
   50.000001412    
   49.999972373    
   50.000003914    
   50.000011869    
   50.000008767    
   50.000006717    
   50.000004235    
   49.999989659    
   50.000004924    
   50.000003612    
   49.999994903    
   49.999984425    
   50.000000360    
   50.000009530    
   49.999992685    
   50.000003151    
   50.000003778    
   50.000008943    
   50.000000635    
   49.999994427    
   49.999995070    
   49.999998093    
   49.999999397    
   49.999976398    
   50.000010620    
   50.000007958    
   50.000010971    
   49.999980260    
   49.999992997    
   49.999981527    
   50.000000569    
   50.000003336    
   50.000006142    
   50.000002940    
   50.000014924    
   50.000002506    
   50.000015420    
   49.999998506    
   49.999996106    
   50.000002062    
   49.999987608    
   50.000005237    
   49.999995503    
   50.000000315    
   50.000011388    
   50.000003402    
   50.000014912    
   49.999985079    
   49.999992628    
   50.000003911    
   50.000002186    
   50.000020482    
   49.999996180    
   50.000001879    
   49.999996882    
   50.000018706    
   49.999997313    
   49.999995150    
   49.999999244    
   49.999986263    
   50.000003325    
   49.999984423    
   49.999990482    
   50.000004156    
   50.000004634    
   49.999999920    
   50.000014455    
   49.999997725    
   50.000002653    
   50.000000285    
   50.000003017    
   50.000007497    
   49.999980554    
   50.000015943    
   50.000009746    
   49.999993550    
   49.999993715    
   49.999999818    
   50.000000091    
   50.000004463    
   49.999992118    
   49.999998526    
   49.999991199    
   50.000010691    
   50.000006362    
   49.999990311    
   50.000000544    
   49.999985540    
   50.000021647    
   49.999992050    
   49.999998429    
   50.000007202    
   50.000000979    
   50.000010211    
   49.999995349    
   50.000002824    
   50.000024978    
   49.999993772    
   49.999994735    
   50.000008699    
   50.000015504    
   50.000008061    
   50.000002280    
   49.999997045    
   50.000024570    
   50.000008249    
   49.999999841    
   49.999994995    
   50.000004847    
   49.999988825    
   49.999995036    
   49.999998998    
   49.999985052    
   50.000007141    
   49.999998674    
   50.000005741    
   49.999984530    
   49.999989952    
   49.999994219    
   49.999991119    
   49.999997211    
   49.999989860    
   50.000011596    
   50.000005192    
   50.000016805    
   49.999982557    
   49.999988829    
   49.999999898    
   49.999994410    
   49.999989690    
   50.000009343    
   50.000001521    
   49.999983804    
   50.000000030    
   49.999987673    
   49.999997427    
   49.999997598    
   50.000009145    
   49.999984652    
   50.000005143    
   49.999990567    
   49.999983935    
   49.999986910    
   49.999995867    
   49.999994774    
   50.000001287    
   50.000014542    
   49.999988619    
   50.000010398    
   49.999983189    
   50.000020278    
   49.999997745    
   49.999995372    
   50.000005568    
   50.000007406    
   49.999998500    
   49.999998022    
   49.999974886    
   49.999999042    
   50.000006172    
   50.000003401    
   49.999992133    
   50.000022481    
   50.000018501    
   50.000004800    
   49.999987996    
   50.000000057    
   50.000022054    
   49.999992964    
   49.999997943    
   49.999994262    
   49.999993456    
   50.000018376    
   50.000002445    
   50.000001019    
   50.000001924    
   50.000000615    
   50.000006737    
   50.000008938    
   49.999999691    
   49.999998153    
   50.000001583    
   50.000004355    
   49.999988615    
   50.000015849    
   50.000027450    
   49.999988484    
   50.000004734    
   50.000007173    
   49.999976779    
   50.000018719    
   50.000000894    
   50.000010788    
   49.999992222    
   49.999992235    
   50.000000518    
   49.999995656    
   50.000015834    
   50.000009632    
   50.000007512    
   49.999979973    
   50.000001309    
   49.999993932    
   50.000002789    
   49.999993351    
   49.999991153    
   49.999988706    
   49.999991347    
   50.000002004    
   49.999992440    
   49.999997632    
   49.999991962    
   50.000010645    
   50.000004059    
   50.000005872    
   50.000004247    
   50.000001102    
   49.999994842    
   49.999992363    
   50.000000009    
   50.000010372    
   49.999994125    
   49.999995662    
   50.000006890    
   49.999991114    
   50.000004611    
   49.999992965    
   50.000000638    
   50.000021471    
   49.999996915    
   49.999997420    
   49.999994028    
   50.000008590    
   50.000002946    
   49.999999852    
   49.999999019    
   49.999995229    
   49.999993866    
   49.999991999    
   50.000003693    
   50.000001059    
   50.000002624    
   49.999995264    
   50.000017027    
   50.000008027    
   50.000002473    
   50.000006345    
   50.000007637    
   49.999987029    
   50.000019520    
   50.000009957    
   50.000000558    
   50.000001481    
   49.999996371    
   49.999995332    
   50.000024467    
   50.000017861    
   49.999997441    
   49.999998694    
   50.000003381    
   49.999998483    
   50.000002702    
   49.999992659    
   49.999982140    
   50.000009347    
   50.000022606    
   49.999991575    
   49.999993655    
   50.000009811    
   49.999980394    
   49.999996433    
   50.000015621    
   49.999993601    
   50.000013005    
   50.000014551    
   50.000015086    
   49.999999439    
   50.000003761    
   50.000001790    
   49.999994774    
   50.000002927    
   50.000004372    
   50.000001548    
   50.000013916    
   50.000037999    
   49.999995266    
   50.000018012    
   49.999998896    
   50.000000344    
   50.000002321    
   50.000003051    
   50.000002882    
   49.999992131    
   50.000012370    
   49.999995422    
   50.000022933    
   49.999998326    
   49.999997990    
   50.000002963    
   50.000004833    
   49.999989446    
   49.999994985    
   50.000005756    
   50.000002434    
   49.999989645    
   49.999997404    
   49.999989821    
   50.000007697    
   50.000000481    
   49.999997171    
   50.000002641    
   49.999975544    
   50.000016750    
   50.000007719    
   49.999997857    
   49.999992799    
   49.999983463    
   50.000005886    
   49.999996273    
   49.999991979    
   49.999982250    
   50.000025663    
   49.999989076    
   50.000012434    
   49.999991438    
   49.999995275    
   50.000010486    
   49.999999266    
   50.000019082    
   49.999994726    
   49.999982273    
   50.000031407    
   50.000006706    
   50.000005474    
   49.999994306    
   50.000002699    
   49.999997934    
   49.999997151    
   50.000012934    
   50.000005374    
   49.999999710    
   49.999983992    
   49.999998326    
   49.999997882    
   50.000016094    
   50.000005932    
   49.999990847    
   49.999987351    
   50.000005236    
   50.000008681    
   49.999999630    
   49.999991051    
   50.000008380    
   49.999982056    
   50.000021496    
   50.000003461    
   49.999997430    
   49.999996453    
   50.000009700    
   50.000024695    
   50.000012254    
   49.999993117    
   50.000020744    
   50.000003384    
   50.000018467    
   50.000014801    
   50.000011744    
   49.999993505    
   50.000004151    
   50.000004684    
   50.000010526    
   49.999996875    
   50.000003272    
   49.999996488    
   49.999990687    
   50.000003000    
   50.000028299    
   50.000017223    
   50.000009575    
   50.000005045    
   50.000000991    
   50.000013660    
   50.000018738    
   49.999986716    
   50.000012323    
   49.999989093    
   49.999989673    
   50.000013947    
   49.999985491    
   49.999988502    
   50.000007884    
   50.000003307    
   50.000004990    
   50.000016883    
   49.999986273    
   50.000000566    
   50.000006541    
   50.000011908    
   50.000003434    
   50.000011983    
   49.999994848    
   50.000000381    
   49.999977776    
   50.000020090    
   49.999983087    
   50.000002442    
   50.000011108    
   50.000016421    
   50.000003942    
   49.999984983    
   49.999999202    
   50.000004856    
   50.000005112    
   50.000003051    
   49.999996829    
   49.999988711    
   49.999983320    
   50.000004173    
   49.999991452    
   49.999998588    
   50.000012587    
   50.000000848    
   49.999994642    
   49.999988361    
   50.000001173    
   49.999995964    
   49.999999448    
   49.999997508    
   50.000004301    
   49.999998657    
   49.999997628    
   50.000003797    
   50.000003302    
   50.000000403    
   50.000012091    
   49.999995353    
   50.000018444    
   49.999998799    
   50.000003372    
   49.999999972    
   49.999996274    
   49.999981487    
   50.000000139    
   50.000002044    
   50.000014203    
   50.000009513    
   49.999999431    
   49.999995588    
   49.999986435    
   50.000007378    
   50.000001383    
   50.000001696    
   50.000000911    
   49.999983241    
   50.000015940    
   49.999986668    
   49.999995245    
   50.000000148    
   50.000000091    
   50.000019185    
   50.000004605    
   49.999996519    
   50.000003376    
   50.000005998    
   50.000012590    
   49.999993095    
   49.999980542    
   50.000003233    
   50.000025515    
   50.000013748    
   50.000002388    
   49.999994057    
   49.999999533    
   49.999983491    
   49.999991791    
   50.000001459    
   49.999989782    
   49.999980120    
   49.999985745    
   49.999987576    
   50.000005750    
   49.999998042    
   50.000009826    
   50.000003191    
   49.999990657    
   50.000002870    
   49.999998131    
   49.999991837    
   49.999993247    
   50.000023323    
   50.000006194    
   50.000008696    
   49.999990778    
   50.000010566    
   50.000003757    
   49.999998957    
   49.999992467    
   49.999990690    
   49.999977804    
   50.000018967    
   49.999993011    
   49.999987055    
   50.000016228    
   50.000015763    
   49.999988472    
   49.999996271    
   50.000000695    
   49.999981988    
   49.999980275    
   50.000020297    
   49.999996423    
   49.999992127    
   49.999983331    
   50.000001091    
   50.000012141    
   50.000004718    
   50.000012234    
   49.999983229    
   49.999996880    
   49.999988953    
   49.999998873    
   50.000011690    
   50.000010150    
   50.000006308    
   50.000002106    
   50.000006057    
   49.999996698    
   49.999996550    
   49.999985848    
   50.000003097    
   49.999986292    
   49.999988079    
   49.999991162    
   49.999996994    
   50.000006740    
   50.000006740    
   49.999995081    
   50.000005989    
   49.999982922    
   49.999999496    
   50.000004030    
   49.999997334    
   50.000006162    
   49.999993909    
   50.000005038    
   50.000008111    
   49.999987425    
   49.999987100    
   49.999997356    
   50.000002061    
   50.000019321    
   49.999983374    
   50.000004399    
   50.000002562    
   50.000000363    
   50.000021535    
   49.999993198    
   49.999984778    
   49.999998306    
   49.999991996    
   49.999995258    
   50.000002812    
   50.000010804    
   50.000002501    
   49.999995767    
   50.000015259    
   49.999990915    
   50.000000043    
   50.000010882    
   49.999988939    
   49.999992540    
   50.000019947    
   49.999981413    
   50.000003379    
   49.999996163    
   49.999997592    
   49.999980759    
   49.999987035    
   49.999982680    
   50.000002187    
   49.999997051    
   49.999988193    
   49.999992446    
   49.999996021    
   49.999993038    
   50.000021447    
   49.999996528    
   49.999998272    
   49.999998241    
   50.000003440    
   49.999990698    
   50.000007978    
   49.999984457    
   50.000003816    
   49.999997051    
   49.999995954    
   50.000004139    
   50.000016486    
   49.999999177    
   49.999997803    
   50.000001731    
   50.000011722    
   49.999994694    
   49.999996849    
   49.999987255    
   49.999999125    
   50.000007309    
   50.000008106    
   50.000006836    
   49.999988699    
   50.000007503    
   49.999974713    
   49.999997376    
   49.999991888    
   50.000003341    
   50.000014185    
   49.999995193    
   50.000012510    
   49.999984015    
   50.000001719    
   49.999991472    
   50.000005886    
   49.999988341    
   49.999990709    
   50.000003552    
   50.000000182    
   50.000003313    
   50.000002972    
   49.999987704    
   50.000003393    
   50.000001491    
   49.999997689    
   49.999995785    
   49.999987681    
   49.999991996    
   49.999996653    
   49.999985187    
   49.999996226    
   50.000023477    
   49.999992235    
   50.000013224    
   49.999996960    
   50.000001867    
   49.999992007    
   50.000000622    
   49.999993576    
   49.999991030    
   49.999999251    
   49.999990200    
   50.000000706    
   49.999986668    
   50.000001668    
   49.999995571    
   50.000017475    
   49.999993596    
   50.000006041    
   50.000003416    
   49.999999801    
   49.999979273    
   49.999975316    
   50.000009552    
   49.999981351    
   50.000000899    
   49.999989577    
   50.000005578    
   50.000013281    
   49.999995440    
   50.000003934    
   50.000005646    
   49.999993465    
   50.000001918    
   49.999987755    
   49.999992423    
   49.999993034    
   50.000013386    
   50.000010133    
   49.999971679    
   50.000006925    
   49.999990755    
   50.000014442    
   50.000002892    
   49.999994353    
   50.000007583    
   49.999974650    
   50.000010757    
   49.999986132    
   50.000009603    
   50.000003438    
   49.999986150    
   49.999991854    
   50.000001662    
   49.999999889    
   49.999987134    
   49.999988149    
   50.000000854    
   50.000008115    
   49.999991825    
   49.999990971    
   50.000011602    
   50.000005072    
   50.000005394    
   49.999998025    
   49.999985421    
   49.999997518    
   50.000003896    
   50.000014209    
   50.000004827    
   49.999986793    
   49.999997176    
   49.999990231    
   49.999999116    
   50.000000034    
   50.000014294    
   49.999996660    
   50.000012177    
   50.000008838    
   50.000004993    
   49.999983070    
   49.999988814    
   50.000018661    
   50.000004497    
   50.000013628    
   49.999988432    
   50.000009632    
   49.999994482    
   50.000000114    
   50.000011892    
   50.000018678    
   49.999994488    
   49.999999004    
   50.000010070    
   50.000014758    
   50.000027245    
   50.000011551    
   49.999994666    
   50.000016976    
   49.999985119    
   50.000015729    
   49.999987556    
   49.999990561    
   49.999990522    
   49.999999190    
   49.999994176    
   49.999987721    
   49.999996396    
   49.999982113    
   50.000001230    
   49.999984818    
   50.000013011    
   49.999997467    
   49.999993286    
   49.999999537    
   49.999989109    
   49.999981644    
   49.999985696    
   49.999998315    
   49.999983141    
   50.000005790    
   49.999966917    
   49.999986941    
   49.999997228    
   49.999999895    
   49.999974172    
   50.000008537    
   50.000005294    
   49.999996493    
   49.999991895    
   49.999991953    
   50.000000410    
   49.999994552    
   49.999987562    
   50.000000046    
   50.000025680    
   49.999999064    
   49.999989420    
   49.999980127    
   49.999992688    
   49.999995224    
   50.000005738    
   49.999996971    
   50.000010292    
   50.000003567    
   50.000001772    
   50.000028892    
   49.999995992    
   50.000014915    
   49.999990274    
   49.999996744    
   50.000012524    
   50.000005555    
   49.999989207    
   49.999991008    
   50.000017135    
   49.999996812    
   49.999998452    
   50.000007651    
   49.999995110    
   49.999994349    
   50.000005336    
   50.000012900    
   50.000004907    
   49.999992816    
   49.999996280    
   50.000013326    
   49.999999704    
   50.000000272    
   49.999997784    
   49.999983178    
   49.999992317    
   50.000011215    
   50.000006205    
   50.000014095    
   50.000003549    
   50.000003569    
   50.000005374    
   50.000009809    
   50.000012410    
   50.000013118    
   50.000007036    
   49.999990442    
   49.999984556    
   50.000010210    
   49.999978160    
   50.000007970    
   49.999994045    
   49.999986656    
   49.999986053    
   50.000001810    
   50.000003000    
   50.000020255    
   50.000012404    
   50.000015601    
   49.999975390    
   50.000000475    
   49.999986641    
   50.000009737    
   50.000013207    
   49.999995312    
   50.000005903    
   49.999996852    
   49.999989172    
   50.000002123    
   50.000020505    
   50.000001594    
   49.999993304    
   50.000011018    
   50.000004941    
   50.000013190    
   49.999993516    
   49.999991279    
   50.000014033    
   50.000009268    
   49.999995446    
   50.000011573    
   50.000008027    
   49.999998950    
   50.000009131    
   49.999989557    
   50.000008858    
   50.000001961    
   49.999998255    
   49.999983514    
   50.000001685    
   50.000005260    
   50.000014820    
   50.000007401    
   49.999990318    
   50.000007509    
   50.000002906    
   50.000006552    
   49.999999750    
   49.999998719    
   49.999998736    
   49.999996268    
   49.999996727    
   49.999993374    
   50.000009928    
   49.999998816    
   50.000002186    
   50.000012661    
   49.999992030    
   50.000007531    
   49.999992178    
   49.999998463    
   50.000012439    
   49.999994888    
   49.999997048    
   50.000001668    
   49.999998336    
   49.999996212    
   49.999980975    
   49.999997197    
   49.999995047    
   50.000004368    
   49.999993408    
   49.999995387    
   49.999987180    
   50.000009416    
   50.000001256    
   50.000008141    
   49.999990806    
   50.000007181    
   50.000004697    
   49.999979540    
   50.000003700    
   49.999991986    
   49.999996556    
   49.999990755    
   49.999993371    
   49.999998056    
   50.000001361    
   49.999988301    
   50.000002203    
   49.999987163    
   49.999989577    
   49.999980020    
   49.999996704    
   50.000011686    
   50.000006183    
   50.000008835    
   50.000008129    
   50.000019444    
   50.000001383    
   50.000014630    
   50.000004355    
   50.000003945    
   49.999993402    
   49.999978220    
   50.000003029    
   50.000009811    
   50.000006461    
   49.999983859    
   49.999995456    
   49.999984459    
   50.000009108    
   50.000008750    
   49.999991916    
   49.999999089    
   50.000009308    
   49.999988575    
   49.999992884    
   49.999998975    
   50.000004207    
   50.000012752    
   50.000012137    
   50.000008125    
   50.000006421    
   49.999995389    
   49.999985438    
   50.000006885    
   50.000003649    
   50.000001361    
   50.000026722    
   49.999992126    
   49.999999977    
   50.000012967    
   49.999994139    
   50.000006251    
   49.999980360    
   50.000004531    
   49.999989887    
   49.999982899    
   50.000011938    
   50.000002361    
   49.999970429    
   49.999980975    
   49.999994130    
   50.000033952    
   49.999986892    
   50.000006818    
   49.999991239    
   49.999984200    
   50.000006205    
   49.999989374    
   49.999993875    
   50.000001070    
   50.000010236    
   49.999992030    
   50.000002550    
   49.999993897    
   49.999995719    
   49.999997541    
   49.999989434    
   49.999988715    
   50.000007002    
   49.999991781    
   49.999995332    
   49.999991962    
   49.999995347    
   49.999993936    
   50.000011625    
   49.999997803    
   49.999991905    
   49.999994028    
   50.000000922    
   50.000003404    
   50.000018663    
   49.999991153    
   50.000000985    
   49.999981331    
   50.000000831    
   49.999999573    
   50.000003463    
   50.000000006    
   49.999993183    
   50.000016827    
   49.999999436    
   50.000016162    
   50.000002042    
   49.999993288    
   50.000013509    
   50.000013876    
   50.000003399    
   49.999985138    
   50.000014632    
   49.999994539    
   49.999989947    
   50.000020301    
   50.000006068    
   49.999985523    
   50.000013014    
   49.999997803    
   49.999995232    
   49.999999755    
   50.000011307    
   50.000002135    
   50.000008152    
   50.000008132    
   49.999980386    
   50.000000063    
   50.000002323    
   50.000010113    
   49.999998487    
   49.999999157    
   49.999985005    
   49.999987504    
   50.000002916    
   49.999993710    
   50.000011094    
   49.999991828    
   49.999980337    
   50.000002385    
   50.000011750    
   49.999998509    
   49.999988318    
   49.999989969    
   50.000000305    
   50.000008084    
   50.000003643    
   50.000006234    
   50.000012012    
   50.000001696    
   50.000002505    
   50.000006500    
   50.000013674    
   50.000000205    
   49.999986588    
   49.999990512    
   49.999986693    
   50.000003939    
   50.000002390    
   50.000011529    
   49.999984994    
   50.000003850    
   50.000006206    
   49.999993012    
   49.999993271    
   50.000002474    
   49.999981601    
   49.999974101    
   49.999993812    
   50.000014505    
   50.000002186    
   49.999988057    
   50.000016165    
   49.999993639    
   49.999982767    
   49.999995765    
   49.999987874    
   50.000003244    
   49.999989910    
   50.000001554    
   50.000020110    
   49.999997108    
   50.000002937    
   50.000013936    
   49.999980309    
   49.999998491    
   49.999990358    
   50.000005943    
   49.999976405    
   49.999999187    
   49.999986724    
   49.999997609    
   49.999974317    
   50.000012661    
   50.000004617    
   49.999990207    
   50.000009698    
   49.999985696    
   49.999990655    
   49.999985913    
   49.999997803    
   50.000001560    
   49.999996685    
   50.000013455    
   49.999971953    
   49.999994716    
   50.000021860    
   50.000002012    
   49.999994141    
   50.000001361    
   49.999995153    
   49.999983182    
   49.999989567    
   49.999998247    
   50.000004827    
   49.999998666    
   49.999979481    
   50.000012668    
   50.000019897    
   50.000000159    
   49.999982853    
   50.000001025    
   50.000007691    
   50.000014144    
   50.000007803    
   50.000001527    
   50.000008496    
   49.999999057    
   50.000002664    
   50.000000594    
   49.999999932    
   49.999993793    
   50.000008015    
   49.999995810    
   50.000005283    
   49.999975817    
   50.000011656    
   49.999983487    
   49.999990630    
   49.999987186    
   49.999998406    
   50.000001605    
   49.999992491    
   49.999991524    
   50.000002126    
   50.000015849    
   50.000011710    
   49.999985347    
   49.999994501    
   50.000024687    
   49.999992588    
   50.000002765    
   49.999993553    
   49.999991222    
   49.999994569    
   49.999994563    
   49.999978988    
   50.000009507    
   50.000006584    
   49.999998178    
   49.999982811    
   49.999991757    
   50.000001184    
   49.999983400    
   50.000008177    
   50.000017585    
   49.999991626    
   49.999987652    
   49.999997182    
   49.999997376    
   50.000002522    
   50.000024314    
   49.999994549    
   50.000000424    
   50.000012131    
   50.000001121    
   50.000009074    
   50.000008629    
   49.999993852    
   50.000007628    
   50.000000825    
   50.000008613    
   50.000023168    
   49.999994847    
   49.999999106    
   49.999994367    
   49.999981741    
   50.000012644    
   50.000004082    
   50.000000609    
   49.999994848    
   50.000007423    
   50.000007526    
   50.000001992    
   49.999999727    
   50.000001765    
   49.999991552    
   50.000001104    
   49.999992907    
   50.000001724    
   50.000016435    
   49.999997154    
   49.999996624    
   50.000004577    
   50.000001850    
   49.999995480    
   50.000007756    
   49.999990257    
   50.000004328    
   49.999999995    
   50.000004801    
   50.000008829    
   49.999994672    
   50.000004822    
   50.000011629    
   49.999976648    
   50.000020569    
   50.000010384    
   50.000009723    
   50.000005283    
   49.999997495    
   49.999989275    
   50.000006712    
   50.000002983    
   49.999992218    
   50.000005670    
   49.999995955    
   50.000003191    
   50.000007207    
   50.000016577    
   49.999989725    
   50.000006865    
   49.999993966    
   49.999995813    
   49.999992093    
   49.999991364    
   49.999996280    
   49.999999465    
   50.000008502    
   50.000008915    
   50.000007309    
   49.999990241    
   50.000000381    
   49.999982051    
   50.000003985    
   50.000004816    
   50.000003174    
   50.000018262    
   49.999993932    
   50.000002123    
   49.999999018    
   49.999995456    
   49.999983480    
   50.000004656    
   50.000007865    
   49.999994421    
   50.000000467    
   49.999997185    
   50.000002878    
   50.000021209    
   50.000003020    
   49.999997370    
   49.999979221    
   50.000008414    
   50.000000433    
   49.999987852    
   49.999990322    
   49.999992793    
   49.999990288    
   49.999992309    
   49.999994629    
   50.000001859    
   49.999996096    
   50.000006877    
   49.999985390    
   49.999997006    
   49.999990783    
   50.000001349    
   49.999996354    
   49.999996184    
   50.000003273    
   50.000012348    
   50.000008943    
   50.000019537    
   49.999992782    
   50.000002795    
   50.000007872    
   49.999997975    
   50.000005852    
   49.999985973    
   50.000010110    
   50.000008380    
   50.000001366    
   50.000008851    
   49.999979909    
   50.000011432    
   50.000010684    
   49.999983228    
   49.999993140    
   50.000017212    
   50.000006643    
   50.000009816    
   50.000013401    
   49.999990278    
   49.999994879    
   49.999993348    
   49.999992178    
   49.999994424    
   50.000006846    
   50.000011909    
   50.000009180    
   50.000000045    
   50.000000882    
   49.999985572    
   49.999996282    
   50.000006578    
   49.999994091    
   49.999992605    
   49.999987336    
   49.999977497    
   50.000002977    
   49.999982808    
   49.999980053    
   50.000009833    
   49.999977821    
   50.000001930    
   50.000004643    
   50.000015316    
   50.000003019    
   49.999991024    
   50.000000256    
   49.999998463    
   49.999997482    
   50.000002564    
   49.999993149    
   50.000012782    
   49.999977798    
   50.000000342    
   50.000012968    
   50.000006387    
   50.000024450    
   50.000004685    
   49.999986705    
   50.000002117    
   49.999999101    
   50.000000695    
   49.999998204    
   50.000003020    
   49.999986089    
   50.000011462    
   50.000000403    
   50.000007564    
   50.000000130    
   50.000006945    
   50.000003837    
   49.999988449    
   49.999999977    
   49.999978333    
   49.999985187    
   50.000010583    
   50.000008163    
   49.999988262    
   49.999991848    
   50.000011716    
   50.000004927    
   50.000002944    
   50.000001872    
   49.999974405    
   50.000004807    
   50.000017243    
   49.999980813    
   49.999994347    
   49.999997302    
   50.000015917    
   50.000003777    
   50.000014858    
   50.000004507    
   49.999991501    
   49.999999778    
   50.000013737    
   49.999998282    
   49.999997825    
   49.999999192    
   50.000010776    
   49.999990260    
   49.999999066    
   49.999983522    
   49.999982761    
   49.999994822    
   49.999992958    
   50.000006110    
   49.999997314    
   49.999990857    
   49.999991871    
   50.000005648    
   50.000016946    
   50.000022543    
   50.000001178    
   49.999996305    
   49.999997370    
   49.999990926    
   49.999992719    
   49.999986144    
   49.999987288    
   50.000030860    
   49.999995577    
   49.999982967    
   50.000006376    
   49.999979779    
   50.000001594    
   50.000011653    
   50.000001890    
   50.000003120    
   50.000009017    
   49.999997689    
   50.000010019    
   50.000000367    
   50.000008198    
   50.000011431    
   50.000002015    
   49.999994956    
   50.000027410    
   50.000010042    
   50.000004986    
   49.999990089    
   50.000017730    
   50.000015131    
   50.000001844    
   50.000004213    
   49.999995332    
   50.000004829    
   49.999986417    
   49.999998361    
   50.000011078    
   49.999992266    
   49.999996368    
   50.000000009    
   49.999986209    
   50.000013344    
   49.999999943    
   49.999997302    
   49.999998753    
   50.000001702    
   49.999993032    
   49.999993909    
   49.999991768    
   50.000002055    
   49.999993626    
   50.000005573    
   49.999995480    
   49.999999758    
   49.999996288    
   50.000019646    
   50.000012292    
   49.999986651    
   49.999990356    
   50.000011989    
   49.999990607    
   50.000003438    
   49.999980203    
   49.999994512    
   49.999986030    
   50.000007423    
   49.999992224    
   49.999975294    
   50.000000979    
   50.000010776    
   49.999995540    
   49.999996074    
   50.000015274    
   50.000001275    
   49.999996755    
   50.000003729    
   49.999993038    
   49.999981778    
   50.000000114    
   49.999976392    
   50.000020500    
   50.000012809    
   49.999999552    
   49.999988401    
   50.000000192    
   49.999998782    
   49.999999408    
   50.000015461    
   50.000008465    
   49.999995719    
   49.999996004    
   50.000007013    
   49.999999602    
   49.999998292    
   49.999997649    
   49.999999841    
   50.000016794    
   50.000007984    
   50.000005499    
   49.999985529    
   49.999995269    
   50.000005727    
   50.000009854    
   49.999996191    
   49.999990154    
   49.999988355    
   50.000018604    
   50.000009678    
   49.999994438    
   50.000008773    
   49.999986323    
   50.000011169    
   49.999987385    
   50.000010440    
   49.999978641    
   49.999997165    
   50.000030268    
   49.999988945    
   50.000003826    
   49.999989298    
   49.999994677    
   50.000005589    
   50.000005328    
   49.999999157    
   50.000013025    
   50.000005647    
   49.999996334    
   49.999988950    
   50.000015029    
   49.999987701    
   49.999996465    
   49.999995656    
   50.000010702    
   50.000001042    
   50.000014488    
   49.999994222    
   50.000012772    
   49.999990015    
   49.999974200    
   50.000006194    
   49.999987689    
   50.000015988    
   49.999990323    
   50.000010184    
   49.999989115    
   50.000016942    
   49.999993721    
   49.999985486    
   49.999998964    
   50.000010209    
   50.000001571    
   49.999990591    
   49.999994922    
   50.000000706    
   49.999988913    
   49.999995175    
   49.999976039    
   49.999997282    
   49.999988785    
   50.000007366    
   49.999998805    
   50.000012658    
   50.000004127    
   49.999980186    
   49.999983321    
   49.999989345    
   50.000019378    
   50.000004780    
   49.999997639    
   50.000000444    
   49.999979802    
   49.999995063    
   49.999991600    
   49.999989503    
   50.000032691    
   50.000002300    
   50.000001195    
   50.000000646    
   50.000009866    
   50.000015479    
   50.000023169    
   49.999998378    
   49.999995471    
   49.999989383    
   49.999994259    
   50.000007726    
   49.999995759    
   49.999979256    
   50.000002738    
   50.000025469    
   50.000009108    
   49.999992645    
   49.999998225    
   50.000019781    
   50.000005887    
   50.000004426    
   49.999996083    
   50.000010110    
   49.999994171    
   50.000005374    
   50.000012017    
   49.999998797    
   50.000016981    
   50.000010941    
   50.000004550    
   49.999983036    
   50.000000700    
   49.999993610    
   50.000018980    
   49.999984447    
   49.999991848    
   49.999998861    
   49.999997063    
   49.999986239    
   49.999994581    
   50.000011395    
   49.999998417    
   49.999991506    
   50.000005536    
   50.000006655    
   50.000014684    
   49.999993738    
   50.000010988    
   50.000006604    
   49.999998190    
   50.000007059    
   50.000002245    
   50.000003165    
   49.999990480    
   50.000005935    
   49.999984789    
   50.000016654    
   49.999988629    
   50.000029739    
   49.999993015    
   49.999993375    
   49.999990840    
   49.999988262    
   50.000009513    
   49.999994715    
   50.000016145    
   49.999988330    
   49.999981914    
   50.000009302    
   50.000008619    
   50.000004796    
   50.000006043    
   49.999999727    
   50.000023753    
   50.000001881    
   50.000017996    
   50.000002556    
   50.000022216    
   50.000009228    
   49.999992491    
   49.999992389    
   50.000004369    
   50.000006754    
   50.000019879    
   49.999996546    
   49.999990470    
   50.000008903    
   49.999994534    
   49.999998719    
   50.000007651    
   50.000010657    
   50.000008380    
   49.999990983    
   50.000013162    
   49.999994210    
   50.000001400    
   49.999994387    
   50.000000426    
   50.000018786    
   50.000013042    
   49.999997814    
   49.999998790    
   50.000024640    
   49.999997165    
   49.999994852    
   50.000006991    
   50.000009871    
   49.999987234    
   50.000004765    
   50.000011085    
   49.999997689    
   49.999994313    
   49.999995611    
   50.000004281    
   49.999995241    
   50.000003752    
   50.000009309    
   49.999996029    
   49.999986794    
   50.000010549    
   49.999993089    
   50.000002758    
   49.999990991    
   49.999993096    
   50.000000410    
   50.000009370    
   49.999994640    
   49.999993613    
   49.999987295    
   49.999996086    
   50.000014198    
   50.000019064    
   49.999992276    
   49.999983810    
   50.000005365    
   50.000003006    
   50.000002590    
   50.000019276    
   49.999999231    
   50.000011385    
   49.999991677    
   50.000002994    
   49.999991543    
   49.999979763    
   49.999996507    
   49.999983912    
   50.000005152    
   49.999994672    
   49.999998972    
   49.999995833    
   50.000005271    
   50.000004631    
   49.999995561    
   50.000004059    
   50.000004574    
   50.000015832    
   49.999989138    
   49.999992389    
   49.999992355    
   49.999999374    
   50.000000495    
   49.999992286    
   49.999999846    
   49.999987379    
   50.000003774    
   49.999999317    
   50.000009678    
   50.000009638    
   49.999988068    
   49.999984971    
   50.000000228    
   50.000008289    
   49.999998087    
   49.999996903    
   50.000005141    
   49.999994899    
   49.999998207    
   50.000023910    
   50.000012217    
   49.999996115    
   49.999992448    
   49.999991319    
   49.999989764    
   49.999995167    
   50.000013572    
   49.999986731    
   50.000000934    
   49.999984768    
   50.000012336    
   50.000002616    
   49.999990624    
   49.999984615    
   50.000009651    
   49.999991267    
   49.999981945    
   50.000005511    
   49.999988216    
   49.999994791    
   50.000002345    
   50.000010412    
   49.999995958    
   49.999998456    
   50.000005197    
   49.999994077    
   50.000017433    
   50.000004462    
   50.000010332    
   50.000014585    
   49.999975151    
   49.999999561    
   50.000005849    
   49.999986535    
   50.000021194    
   49.999997319    
   49.999989549    
   50.000008030    
   50.000004873    
   50.000008152    
   50.000023480    
   50.000009143    
   49.999998036    
   50.000004358    
   49.999995093    
   49.999999129    
   50.000017101    
   50.000009074    
   49.999977238    
   49.999991959    
   49.999997985    
   49.999992116    
   50.000001269    
   50.000010452    
   50.000020252    
   49.999990886    
   50.000018359    
   49.999991487    
   50.000006444    
   50.000017112    
   49.999995719    
   50.000008972    
   50.000002687    
   50.000005784    
   50.000002004    
   49.999993351    
   50.000016486    
   49.999987840    
   50.000013386    
   50.000003908    
   50.000006410    
   50.000003302    
   50.000029648    
   49.999999976    
   49.999998235    
   49.999999404    
   50.000000307    
   49.999985949    
   49.999997359    
   50.000023454    
   50.000008289    
   49.999995081    
   49.999974750    
   50.000008249    
   49.999995141    
   50.000004338    
   49.999989417    
   50.000002616    
   50.000012957    
   50.000012103    
   50.000004258    
   49.999999799    
   49.999989155    
   49.999988620    
   49.999988040    
   50.000005027    
   49.999987282    
   50.000006179    
   49.999985893    
   49.999990732    
   50.000021920    
   50.000009612    
   50.000003621    
   50.000008522    
   49.999977667    
   50.000000077    
   50.000017682    
   49.999991085    
   50.000006148    
   50.000001742    
   49.999999266    
   49.999998861    
   50.000002094    
   49.999994999    
   49.999997507    
   49.999995622    
   50.000001412    
   50.000002573    
   49.999983798    
   50.000019583    
   49.999998634    
   50.000005596    
   50.000006148    
   50.000007565    
   50.000010270    
   50.000004554    
   49.999989819    
   50.000003211    
   49.999993852    
   49.999993169    
   49.999994171    
   50.000006285    
   49.999983286    
   50.000006857    
   49.999996943    
   50.000008855    
   50.000002419    
   50.000017545    
   50.000000127    
   50.000004813    
   49.999996915    
   49.999990728    
   49.999997472    
   49.999992118    
   49.999981511    
   50.000003205    
   49.999986280    
   49.999995201    
   49.999995400    
   49.999986411    
   50.000016712    
   50.000007025    
   50.000017351    
   50.000000331    
   49.999988868    
   49.999984698    
   49.999993685    
   49.999995496    
   49.999994373    
   50.000002977    
   49.999985352    
   49.999993960    
   49.999992668    
   50.000007739    
   49.999997768    
   50.000016054    
   49.999986235    
   50.000001614    
   50.000019603    
   50.000004287    
   50.000024692    
   49.999994754    
   50.000017625    
   50.000003530    
   50.000006592    
   49.999988421    
   50.000013071    
   50.000005146    
   49.999996675    
   50.000002095    
   49.999998269    
   50.000009285    
   49.999989007    
   49.999985865    
   50.000004543    
   49.999989241    
   49.999980552    
   49.999990435    
   49.999974378    
   50.000000956    
   50.000001028    
   50.000020332    
   49.999998269    
   49.999990032    
   50.000013079    
   49.999998830    
   49.999998483    
   49.999999357    
   49.999985039    
   50.000009245    
   49.999991851    
   50.000001633    
   49.999995753    
   49.999990880    
   50.000004326    
   49.999999465    
   50.000002209    
   50.000013390    
   49.999998635    
   49.999999966    
   49.999985694    
   50.000004657    
   49.999985096    
   49.999992070    
   50.000006769    
   50.000001540    
   50.000019526    
   49.999997074    
   50.000005340    
   49.999989189    
   49.999997085    
   49.999997632    
   50.000009496    
   50.000005192    
   50.000002915    
   49.999988341    
   49.999995173    
   49.999996903    
   50.000001110    
   49.999993184    
   50.000001378    
   49.999997712    
   49.999987137    
   49.999993328    
   49.999995598    
   50.000006837    
   50.000009151    
   50.000010463    
   49.999999055    
   50.000002385    
   50.000021820    
   49.999971377    
   49.999998736    
   49.999995989    
   49.999994877    
   49.999994330    
   50.000005317    
   49.999989639    
   49.999981874    
   50.000020972    
   50.000003769    
   50.000024388    
   50.000009222    
   50.000007139    
   50.000012740    
   50.000005419    
   49.999987533    
   49.999988763    
   49.999984106    
   50.000000592    
   50.000002858    
   50.000008767    
   50.000002755    
   50.000000726    
   49.999983169    
   50.000009518    
   50.000011385    
   49.999993988    
   50.000017397    
   50.000004645    
   50.000019765    
   49.999999180    
   49.999979574    
   50.000001719    
   50.000011790    
   50.000002881    
   49.999982324    
   50.000002254    
   50.000026362    
   50.000000373    
   49.999990892    
   50.000009120    
   49.999998047    
   50.000013702    
   49.999991461    
   50.000005215    
   49.999979916    
   50.000014636    
   50.000001548    
   49.999980827    
   50.000008926    
   49.999989252    
   49.999989981    
   49.999986702    
   50.000004691    
   50.000005237    
   49.999992850    
   50.000008653    
   50.000007469    
   49.999981419    
   50.000001822    
   50.000010793    
   49.999994990    
   50.000013532    
   50.000006786    
   50.000007105    
   50.000011021    
   49.999995127    
   50.000020864    
   50.000021314    
   50.000004474    
   50.000016646    
   49.999996482    
   50.000015023    
   49.999994865    
   50.000004167    
   49.999995970    
   50.000003575    
   50.000006194    
   49.999991711    
   50.000004372    
   49.999992167    
   50.000001685    
   49.999996083    
   49.999997618    
   49.999997393    
   49.999979962    
   50.000009211    
   50.000015877    
   50.000001594    
   49.999999909    
   50.000002049    
   50.000011385    
   49.999994899    
   49.999986337    
   49.999990709    
   49.999996357    
   49.999993533    
   49.999995719    
   49.999998634    
   49.999994353    
   50.000001184    
   50.000012114    
   49.999989981    
