   86.399996816    
   86.399965555    
   86.400005292    
   86.399991748    
   86.399981432    
   86.400001301    
   86.399975064    
   86.399971790    
   86.399991927    
   86.400007176    
   86.399978472    
   86.399997623    
   86.400013276    
   86.399987083    
   86.399982419    
   86.399971834    
   86.400018299    
   86.399997847    
   86.400010136    
   86.399987532    
   86.399967888    
   86.400000718    
   86.399959456    
   86.400019285    
   86.400002175    
   86.400056690    
   86.400041262    
   86.400042652    
   86.400010001    
   86.400010674    
   86.400027201    
   86.400008028    
   86.399978831    
   86.399983585    
   86.400037853    
   86.400046285    
   86.399966632    
   86.400001345    
   86.399985334    
   86.399966273    
   86.400020990    
   86.400008252    
   86.400026417    
   86.399963044    
   86.399979190    
   86.399990851    
   86.399994708    
   86.399953177    
   86.400037405    
   86.399982778    
   86.399954074    
   86.399996905    
   86.400020631    
   86.399975422    
   86.400015339    
   86.399985110    
   86.400029455    
   86.400015518    
   86.400010035    
   86.400022380    
   86.399990940    
   86.399966856    
   86.399968964    
   86.399981343    
   86.400002153    
   86.399959276    
   86.400023232    
   86.400015428    
   86.400010405    
   86.400046823    
   86.400020676    
   86.399994977    
   86.400035790    
   86.399970579    
   86.399998845    
   86.400025923    
   86.399975243    
   86.400018074    
   86.399998593    
   86.399962775    
   86.400004642    
   86.400017222    
   86.400010136    
   86.400012199    
   86.400012379    
   86.399982419    
   86.399986724    
   86.399996861    
   86.400055855    
   86.399971924    
   86.400004440    
   86.400007454    
   86.400024757    
   86.400017648    
   86.399990312    
   86.400033727    
   86.399993900    
   86.400013634    
   86.399978741    
   86.399995964    
   86.399992106    
   86.399998744    
   86.400001794    
   86.399994259    
   86.400016684    
   86.400021169    
   86.399995694    
   86.400014531    
   86.400034445    
   86.400008252    
   86.399979997    
   86.399981785    
   86.399983136    
   86.400020451    
   86.399945104    
   86.399951921    
   86.399987061    
   86.400002153    
   86.400034512    
   86.399983495    
   86.399978113    
   86.400043930    
   86.400006391    
   86.399999462    
   86.400026192    
   86.399958312    
   86.400001032    
   86.399981040    
   86.400025116    
   86.399995336    
   86.399990402    
   86.399979190    
   86.400005741    
   86.399968482    
   86.400015204    
   86.400006458    
   86.399978338    
   86.400001615    
   86.400011033    
   86.400006458    
   86.399980266    
   86.400002220    
   86.399995336    
   86.400004306    
   86.400026282    
   86.399994545    
   86.400016191    
   86.400005382    
   86.399984572    
   86.399959815    
   86.400007624    
   86.399991568    
   86.399999462    
   86.399982867    
   86.400003504    
   86.400017043    
   86.400013634    
   86.400006279    
   86.400030588    
   86.399983307    
   86.400033368    
   86.399973000    
   86.400004485    
   86.400001704    
   86.400027807    
   86.399966587    
   86.400014711    
   86.400017581    
   86.399978831    
   86.400003767    
   86.399972373    
   86.400028345    
   86.399988877    
   86.399991837    
   86.399969861    
   86.399988160    
   86.400003588    
   86.399996692    
   86.399993048    
   86.399979549    
   86.400008611    
   86.399972373    
   86.399992286    
   86.400006100    
   86.399989595    
   86.400025116    
   86.399992569    
   86.399985648    
   86.399985446    
   86.399975512    
   86.399983675    
   86.399982150    
   86.399969996    
   86.400001794    
   86.399997488    
   86.400022066    
   86.400005561    
   86.400037315    
   86.400013634    
   86.399990940    
   86.399979549    
   86.400011706    
   86.400003588    
   86.399968964    
   86.400003229    
   86.399998385    
   86.400033368    
   86.399978652    
   86.399975602    
   86.400001345    
   86.399982867    
   86.399977755    
   86.400021169    
   86.400002512    
   86.399988311    
   86.400005606    
   86.399977216    
   86.399973449    
   86.400023933    
   86.400008611    
   86.399997578    
   86.400028883    
   86.400016505    
   86.399974167    
   86.400011089    
   86.400028704    
   86.400003229    
   86.399963403    
   86.400013881    
   86.400015967    
   86.400010226    
   86.400014800    
   86.399992465    
   86.400006100    
   86.400005203    
   86.400051039    
   86.399982419    
   86.399975064    
   86.399993362    
   86.399977396    
   86.399997847    
   86.400023770    
   86.399969861    
   86.399984751    
   86.399989057    
   86.399996412    
   86.399977037    
   86.400023905    
   86.400028524    
   86.400009329    
   86.400024219    
   86.400018747    
   86.399979840    
   86.399973090    
   86.399961564    
   86.400030184    
   86.399983136    
   86.399985289    
   86.399966452    
   86.399959456    
   86.399984661    
   86.399987801    
   86.399972731    
   86.399992824    
   86.399976095    
   86.400017222    
   86.400036867    
   86.399980625    
   86.399976319    
   86.399959815    
   86.400030139    
   86.400001301    
   86.399990537    
   86.399981163    
   86.399981343    
   86.400017447    
   86.400020631    
   86.400023507    
   86.399980625    
   86.399995829    
   86.400024398    
   86.399961070    
   86.399984347    
   86.399977037    
   86.400023681    
   86.400018658    
   86.400007176    
   86.399966273    
   86.399993542    
   86.399991389    
   86.400018658    
   86.399994394    
   86.399983495    
   86.399977755    
   86.399964120    
   86.400000897    
   86.400023602    
   86.399977082    
   86.400006817    
   86.400002153    
   86.400011414    
   86.400027717    
   86.400004216    
   86.400010405    
   86.400031754    
   86.400015877    
   86.400001032    
   86.400036597    
   86.399975691    
   86.399998385    
   86.399991389    
   86.399980356    
   86.399998341    
   86.400000718    
   86.400005741    
   86.400006817    
   86.399972552    
   86.399970758    
   86.399974167    
   86.400015070    
   86.399999596    
   86.400006638    
   86.399990312    
   86.400010046    
   86.400024129    
   86.400058484    
   86.400002870    
   86.400029421    
   86.399973808    
   86.400003566    
   86.399999282    
   86.400006100    
   86.399989595    
   86.400023815    
   86.399999103    
   86.399972731    
   86.399981522    
   86.399994797    
   86.399987308    
   86.400017940    
   86.400004664    
   86.400011840    
   86.400029870    
   86.399999282    
   86.399984930    
   86.399976499    
   86.399981612    
   86.399979907    
   86.399996412    
   86.400010764    
   86.399967204    
   86.400038212    
   86.399986321    
   86.399996412    
   86.399984482    
   86.400011840    
   86.400010405    
   86.400000045    
   86.400032471    
   86.400018299    
   86.399986859    
   86.399993721    
   86.399990335    
   86.400041867    
   86.399988518    
   86.399996771    
   86.400014352    
   86.400006100    
   86.400001435    
   86.399995313    
   86.399986007    
   86.400027224    
   86.399992465    
   86.400052385    
   86.399970579    
   86.400003588    
   86.400014890    
   86.400060637    
   86.399977755    
   86.400024488    
   86.400000718    
   86.399988160    
   86.400014531    
   86.399972462    
   86.399975602    
   86.400004306    
   86.399996681    
   86.400028020    
   86.400010405    
   86.399995969    
   86.400018209    
   86.400022963    
   86.399998251    
   86.399996322    
   86.400004844    
   86.400033368    
   86.399989595    
   86.399992600    
   86.399986994    
   86.400040230    
   86.399974705    
   86.399964123    
   86.400000359    
   86.400007535    
   86.399993900    
   86.400032920    
   86.399970579    
   86.400062790    
   86.400005382    
   86.399998385    
   86.400003050    
   86.400041262    
   86.400008252    
   86.400030498    
   86.400012513    
   86.399973449    
   86.400020093    
   86.400028883    
   86.399999103    
   86.399968426    
   86.400027986    
   86.399982957    
   86.400012984    
   86.400037315    
   86.400018658    
   86.400002153    
   86.400031215    
   86.399985648    
   86.399983854    
   86.400036597    
   86.400011504    
   86.400034131    
   86.400012558    
   86.399974525    
   86.400015608    
   86.400003050    
   86.399989774    
   86.400026910    
   86.400007894    
   86.400005561    
   86.399973718    
   86.399952818    
   86.399996053    
   86.399989819    
   86.399978472    
   86.400010764    
   86.399937479    
   86.400002242    
   86.400032112    
   86.400013276    
   86.400031305    
   86.399996233    
   86.399995448    
   86.400019375    
   86.400025833    
   86.400008791    
   86.399991344    
   86.400008611    
   86.400019016    
   86.400044491    
   86.399968628    
   86.400033279    
   86.400029108    
   86.399965017    
   86.400007490    
   86.400007355    
   86.400014352    
   86.399997399    
   86.400016056    
   86.399963403    
   86.399953715    
   86.400023860    
   86.400010226    
   86.399964838    
   86.399965197    
   86.399985693    
   86.399997847    
   86.399979033    
   86.400042876    
   86.400018299    
   86.400000179    
   86.399994153    
   86.400002332    
   86.399979167    
   86.400000224    
   86.400009957    
   86.400020138    
   86.399971655    
   86.399976768    
   86.400000179    
   86.399988294    
   86.399970220    
   86.399991030    
   86.400000179    
   86.400051488    
   86.399966811    
   86.400030318    
   86.399966094    
   86.399987131    
   86.399982419    
   86.399981343    
   86.400006032    
   86.400002063    
   86.400001615    
   86.400000538    
   86.399972552    
   86.400002691    
   86.400002287    
   86.399964479    
   86.400015249    
   86.399997399    
   86.400018568    
   86.399996681    
   86.400005023    
   86.399985289    
   86.399991389    
   86.400021270    
   86.399992376    
   86.399941875    
   86.400013993    
   86.399989483    
   86.400003498    
   86.400004485    
   86.400011033    
   86.400003947    
   86.399985648    
   86.399974167    
   86.399985200    
   86.400007804    
   86.399978472    
   86.399986097    
   86.399971027    
   86.399976499    
   86.400012558    
   86.399992241    
   86.400030363    
   86.399998565    
   86.399972731    
   86.399991209    
   86.400012558    
   86.399967349    
   86.399979369    
   86.400010271    
   86.399952190    
   86.400000000    
   86.399994618    
   86.399986366    
   86.400048079    
   86.400001435    
   86.399987891    
   86.400012199    
   86.400019644    
   86.399987442    
   86.400019868    
   86.400015967    
   86.400023098    
   86.399976319    
   86.400045836    
   86.399975153    
   86.399954791    
   86.400010764    
   86.399999462    
   86.400003319    
   86.399997130    
   86.400009149    
   86.399983495    
   86.400009329    
   86.400041800    
   86.400002870    
   86.400008252    
   86.399986276    
   86.399989954    
   86.400026977    
   86.399983675    
   86.400045343    
   86.400020765    
   86.399955509    
   86.399954253    
   86.399999776    
   86.400013993    
   86.400007176    
   86.400017267    
   86.399995874    
   86.399994259    
   86.400006997    
   86.400002198    
   86.399967708    
   86.400011549    
   86.399982105    
   86.399983854    
   86.400006458    
   86.399984751    
   86.399992106    
   86.400025026    
   86.400011482    
   86.399990582    
   86.399977642    
   86.399993426    
   86.400025295    
   86.399957841    
   86.399981009    
   86.400024936    
   86.400013814    
   86.400035162    
   86.400048797    
   86.399961519    
   86.399982071    
   86.400010046    
   86.399994259    
   86.399936067    
   86.399986792    
   86.400001973    
   86.400015428    
   86.400006472    
   86.399957482    
   86.399977037    
   86.399978293    
   86.400025475    
   86.400005685    
   86.400000179    
   86.400011482    
   86.400009486    
   86.399982060    
   86.399989954    
   86.400011123    
   86.400001951    
   86.399985827    
   86.400023501    
   86.400020182    
   86.400017043    
   86.399965914    
   86.399988518    
   86.400035633    
   86.400018299    
   86.400051398    
   86.399999282    
   86.399977012    
   86.399982509    
   86.400019431    
   86.400004485    
   86.400023501    
   86.400002018    
   86.400001973    
   86.399989954    
   86.400014711    
   86.399992286    
   86.400013259    
   86.400042697    
   86.399975422    
   86.399968246    
   86.400028384    
   86.399972025    
   86.400002242    
   86.400020900    
   86.399977216    
   86.399987308    
   86.400043594    
   86.400021976    
   86.399970646    
   86.399968515    
   86.399968426    
   86.399965286    
   86.399987891    
   86.399986366    
   86.400027269    
   86.400010046    
   86.400028188    
   86.400013141    
   86.399965197    
   86.399972911    
   86.400025632    
   86.399965286    
   86.399960622    
   86.399969861    
   86.400024578    
   86.399967282    
   86.399951473    
   86.399981253    
   86.399991030    
   86.399972485    
   86.400018074    
   86.399993436    
   86.399973090    
   86.400025654    
   86.400016280    
   86.400017940    
   86.399992017    
   86.399992017    
   86.400005561    
   86.399998206    
   86.399991075    
   86.400026192    
   86.399954433    
   86.399981701    
   86.400010293    
   86.399973090    
   86.400017357    
   86.400024667    
   86.399982598    
   86.400004664    
   86.399991568    
   86.400044990    
   86.399979279    
   86.399962427    
   86.399980446    
   86.400013006    
   86.399989774    
   86.399971251    
   86.400024309    
   86.400017761    
   86.399963582    
   86.399975691    
   86.400012109    
   86.400005113    
   86.399955509    
   86.400017581    
   86.399999103    
   86.399983181    
   86.399966632    
   86.399989415    
   86.399972821    
   86.399965466    
   86.400025833    
   86.400035521    
   86.399980625    
   86.400004485    
   86.400010046    
   86.399998116    
   86.400008970    
   86.400059830    
   86.400021662    
   86.399960532    
   86.400013276    
   86.399997858    
   86.399985648    
   86.399975602    
   86.400004754    
   86.399996008    
   86.399958738    
   86.399952459    
   86.399989214    
   86.399997107    
   86.400004485    
   86.399954747    
   86.399994708    
   86.400029242    
   86.399992376    
   86.399986097    
   86.399986545    
   86.399998537    
   86.400026013    
   86.399963302    
   86.400013276    
   86.399985648    
   86.400011482    
   86.400020003    
   86.399989774    
   86.400022604    
   86.399970803    
   86.399978248    
   86.399979818    
   86.400006189    
   86.400034400    
   86.400003498    
   86.400043773    
   86.400010495    
   86.400004575    
   86.399999507    
   86.399999282    
   86.400026910    
   86.399996233    
   86.400042641    
   86.399984033    
   86.400010943    
   86.400004844    
   86.399998879    
   86.400018820    
   86.399979459    
   86.400028704    
   86.399985738    
   86.399993900    
   86.400050949    
   86.399967170    
   86.400009060    
   86.399973539    
   86.400001794    
   86.400014980    
   86.399962685    
   86.400000090    
   86.399981477    
   86.400035028    
   86.399985558    
   86.399973987    
   86.399969939    
   86.399983607    
   86.399988205    
   86.399998924    
   86.400011126    
   86.399989685    
   86.399958828    
   86.400031215    
   86.400000359    
   86.400007378    
   86.399990133    
   86.399989954    
   86.400033009    
   86.399983944    
   86.399971296    
   86.400005203    
   86.399982598    
   86.400002153    
   86.400016878    
   86.400027201    
   86.399964838    
   86.400026551    
   86.400001256    
   86.399996591    
   86.399959815    
   86.399986366    
   86.399998699    
   86.400002870    
   86.400013634    
   86.399977216    
   86.399978024    
   86.399993093    
   86.400041979    
   86.400008252    
   86.399989931    
   86.399952148    
   86.399993542    
   86.400002691    
   86.399984841    
   86.400009598    
   86.400052743    
   86.400009957    
   86.400018568    
   86.399969794    
   86.399999366    
   86.399994259    
   86.399999282    
   86.400008252    
   86.399992914    
   86.399957665    
   86.399984213    
   86.400001615    
   86.400054537    
   86.399981612    
   86.399995571    
   86.399986366    
   86.399979010    
   86.399999282    
   86.399972776    
   86.399993183    
   86.400057139    
   86.399978804    
   86.399995156    
   86.399977979    
   86.400004081    
   86.399957303    
   86.400017581    
   86.399996659    
   86.400008432    
   86.400027269    
   86.400017222    
   86.399994080    
   86.399997130    
   86.400008791    
   86.400033548    
   86.400015832    
   86.400008521    
   86.400021562    
   86.399960734    
   86.400015294    
   86.399992645    
   86.399963941    
   86.399996771    
   86.400012558    
   86.400009732    
   86.399986186    
   86.400012109    
   86.399999664    
   86.399980042    
   86.399973449    
   86.400009329    
   86.400004036    
   86.400013455    
   86.399956496    
   86.399980535    
   86.400006817    
   86.399999282    
   86.399985396    
   86.400002153    
   86.400000964    
   86.399999103    
   86.400015249    
   86.399973449    
   86.400006952    
   86.400008992    
   86.400005741    
   86.399971296    
   86.400045926    
   86.399965197    
   86.399969412    
   86.400009811    
   86.400023367    
   86.399996412    
   86.400001435    
   86.399972238    
   86.400029096    
   86.399998116    
   86.400015339    
   86.399998789    
   86.399971476    
   86.400020362    
   86.400023086    
   86.400020765    
   86.400027291    
   86.400049335    
   86.399979279    
   86.400004664    
   86.399993183    
   86.399999641    
   86.400011930    
   86.400000179    
   86.399975781    
   86.400028883    
   86.400007535    
   86.399971296    
   86.400009777    
   86.399968560    
   86.400000000    
   86.399965107    
   86.399983069    
   86.399993704    
   86.399980087    
   86.399965555    
   86.399986186    
   86.399996255    
   86.400023995    
   86.400020810    
   86.399937569    
   86.399983854    
   86.399993856    
   86.399983764    
   86.400021483    
   86.400022201    
   86.399990245    
   86.400008163    
   86.399971296    
   86.400015249    
   86.399998206    
   86.399989685    
   86.400019375    
   86.400012379    
   86.400038212    
   86.400038616    
   86.400038033    
   86.400001884    
   86.399959456    
   86.399979907    
   86.400013096    
   86.399982060    
   86.399968381    
   86.399978472    
   86.400004294    
   86.399993497    
   86.400003139    
   86.399967361    
   86.400013993    
   86.400038526    
   86.399976858    
   86.400006100    
   86.399951024    
   86.399993183    
   86.399994259    
   86.400011156    
   86.399977216    
   86.400026372    
   86.400009441    
   86.400006369    
   86.400031485    
   86.400023681    
   86.399996771    
   86.399989774    
   86.399960891    
   86.399982425    
   86.399977844    
   86.400007535    
   86.400017379    
   86.399997847    
   86.400034534    
   86.400010226    
   86.400004631    
   86.399988339    
   86.399976319    
   86.399997309    
   86.400030543    
   86.399987083    
   86.400000000    
   86.399989191    
   86.399987352    
   86.400006816    
   86.400011482    
   86.399984751    
   86.399979504    
   86.400037080    
   86.400042338    
   86.400006279    
   86.400028524    
   86.400023344    
   86.399993542    
   86.399973808    
   86.400010764    
   86.400005023    
   86.400013096    
   86.400014442    
   86.399985379    
   86.400017581    
   86.400011661    
   86.400018658    
   86.399988653    
   86.400009329    
   86.399997847    
   86.399972731    
   86.400028345    
   86.400005382    
   86.400020810    
   86.399988698    
   86.400015226    
   86.400008432    
   86.400039762    
   86.400034265    
   86.399998385    
   86.399961250    
   86.399972642    
   86.399991658    
   86.399994943    
   86.399989595    
   86.400018030    
   86.400013376    
   86.399981522    
   86.400026551    
   86.400011123    
   86.399986724    
   86.400004485    
   86.400027089    
   86.400027538    
   86.399975512    
   86.400012917    
   86.400014531    
   86.399975041    
   86.399990312    
   86.400033996    
   86.400006279    
   86.399985514    
   86.400004126    
   86.400015114    
   86.400025587    
   86.399996143    
   86.400054414    
   86.400013320    
   86.400021214    
   86.400037494    
   86.399986994    
   86.400001867    
   86.400012020    
   86.400015070    
   86.399982239    
   86.399998296    
   86.400018837    
   86.399967888    
   86.399989505    
   86.399988518    
   86.399993654    
   86.400017940    
   86.399988743    
   86.399964479    
   86.400041800    
   86.400028524    
   86.399997309    
   86.399981701    
   86.400010809    
   86.400008252    
   86.400020765    
   86.399994887    
   86.400008028    
   86.400011661    
   86.399968089    
   86.399990099    
   86.399992331    
   86.399993542    
   86.399979190    
   86.400030318    
   86.399965376    
   86.400011840    
   86.400034422    
   86.400028345    
   86.399972731    
   86.400010988    
   86.400003161    
   86.399998565    
   86.400018927    
   86.399994057    
   86.400002691    
   86.399992824    
   86.400037584    
   86.399973628    
   86.400020704    
   86.399997130    
   86.399973785    
   86.400010764    
   86.400007176    
   86.399985603    
   86.399962506    
   86.400028289    
   86.400016505    
   86.399989774    
   86.400016505    
   86.399999720    
   86.399979907    
   86.400033637    
   86.400006896    
   86.399991389    
   86.400023322    
   86.400006952    
   86.400039473    
   86.400030161    
   86.399980804    
   86.400011840    
   86.400017839    
   86.400023748    
   86.399985340    
   86.399987980    
   86.399973270    
   86.399987621    
   86.399995784    
   86.399925370    
   86.399947974    
   86.400032561    
   86.399994259    
   86.400038033    
   86.399998879    
   86.400001525    
   86.400011661    
   86.399988518    
   86.400026730    
   86.399973449    
   86.400017222    
   86.399969502    
   86.400006503    
   86.399949499    
   86.400018927    
   86.399970668    
   86.399972373    
   86.400048920    
   86.399986455    
   86.399996143    
   86.400015428    
   86.399988967    
   86.400006593    
   86.399982060    
   86.399998027    
   86.399967529    
   86.399966542    
   86.400000718    
   86.399973314    
   86.399993003    
   86.399943131    
   86.399998565    
   86.399992645    
   86.399987801    
   86.399989954    
   86.399982778    
   86.399979728    
   86.399984751    
   86.399954612    
   86.400013870    
   86.400007400    
   86.399973808    
   86.400002990    
   86.399992286    
   86.399977934    
   86.400006784    
   86.400011661    
   86.400010136    
   86.399985110    
   86.399957124    
   86.399988877    
   86.399997488    
   86.399979997    
   86.399988894    
   86.400018209    
   86.399947346    
   86.400034714    
   86.400026529    
   86.399980176    
   86.400000718    
   86.400002153    
   86.399989864    
   86.400041890    
   86.399973090    
   86.399978741    
   86.399969099    
   86.399939543    
   86.399973628    
   86.399973270    
   86.400006907    
   86.400007355    
   86.400010282    
   86.400011751    
   86.400024578    
   86.400008073    
   86.399978113    
   86.400008611    
   86.399970220    
   86.400004283    
   86.400034803    
   86.400025833    
   86.399991030    
   86.400031619    
   86.399990851    
   86.400027986    
   86.400009060    
   86.400004216    
   86.399970803    
   86.400024847    
   86.400042697    
   86.400013803    
   86.400001345    
   86.399990043    
   86.399991389    
   86.399993183    
   86.400009508    
   86.399962820    
   86.400004799    
   86.399990133    
   86.399993945    
   86.399959007    
   86.400009867    
   86.400000045    
   86.400025901    
   86.399989012    
   86.400004485    
   86.400035185    
   86.399949768    
   86.399989595    
   86.400011302    
   86.400063852    
   86.400011840    
   86.399984325    
   86.399993900    
   86.400001615    
   86.400016146    
   86.399982091    
   86.400014352    
   86.399963201    
   86.400013634    
   86.400020967    
   86.399998015    
   86.400035880    
   86.400025385    
   86.400013276    
   86.399997847    
   86.400010046    
   86.399970444    
   86.399952280    
   86.399954522    
   86.400022335    
   86.400026016    
   86.399976319    
   86.399982150    
   86.400023591    
   86.400019016    
   86.399980378    
   86.399982060    
   86.400013186    
   86.400002456    
   86.399984392    
   86.400003947    
   86.400022604    
   86.400001435    
   86.400059919    
   86.400006100    
   86.399991568    
   86.400016953    
   86.400008970    
   86.400028614    
   86.400025475    
   86.399997085    
   86.400026192    
   86.399996771    
   86.400042338    
   86.399964838    
   86.400019285    
   86.400031081    
   86.400011661    
   86.400018837    
   86.400014677    
   86.400004216    
   86.400021528    
   86.400014980    
   86.399989640    
   86.399983316    
   86.399948692    
   86.399959680    
   86.399982598    
   86.400008611    
   86.400012917    
   86.399996457    
   86.399992465    
   86.400010125    
   86.399998744    
   86.399991748    
   86.399968246    
   86.399986497    
   86.399995694    
   86.400020272    
   86.399993317    
   86.400025273    
   86.400014531    
   86.400018388    
   86.399972843    
   86.399967349    
   86.400010046    
   86.400006346    
   86.400033009    
   86.400011123    
   86.399962685    
   86.399995246    
   86.399981343    
   86.399997657    
   86.400022784    
   86.399961115    
   86.400012334    
   86.400003678    
   86.399992286    
   86.400040185    
   86.399977755    
   86.399992869    
   86.400029780    
   86.399986186    
   86.399948692    
   86.400013993    
   86.399961788    
   86.400024488    
   86.400012917    
   86.399966273    
   86.399979459    
   86.400030857    
   86.399983495    
   86.400032651    
   86.399994024    
   86.399972731    
   86.399993990    
   86.399958200    
   86.399983742    
   86.399997488    
   86.400017222    
   86.399970758    
   86.400003095    
   86.399995425    
   86.399998744    
   86.399982598    
   86.399975602    
   86.399984213    
   86.399983226    
   86.400026192    
   86.400018209    
   86.399991837    
   86.400018142    
   86.400016236    
   86.399985558    
   86.399992667    
   86.400013881    
   86.400006279    
   86.400013634    
   86.400024578    
   86.399988474    
   86.399998475    
   86.400045209    
   86.399994394    
   86.400008880    
   86.399948333    
   86.399994080    
   86.400008432    
   86.400031933    
   86.400022918    
   86.399998206    
   86.400036283    
   86.400001435    
   86.400011795    
   86.400044850    
   86.400039827    
   86.400010360    
   86.399982419    
   86.400038930    
   86.399991142    
   86.400006997    
   86.399998924    
   86.399983944    
   86.400025833    
   86.399986724    
   86.399993542    
   86.399968639    
   86.400005360    
   86.400009418    
   86.400007714    
   86.399983136    
   86.399966632    
   86.400002781    
   86.399973987    
   86.399988877    
   86.400008028    
   86.400024353    
   86.400002589    
   86.400035880    
   86.400004306    
   86.400042652    
   86.399990671    
   86.399962147    
   86.400007355    
   86.399990974    
   86.399964120    
   86.399985648    
   86.399976992    
   86.400004306    
   86.399979907    
   86.399963403    
   86.399995336    
   86.400004575    
   86.400008880    
   86.399998610    
   86.399994968    
   86.400010170    
   86.399986724    
   86.399972597    
   86.399958379    
   86.399999552    
   86.400020631    
   86.400002153    
   86.399992465    
   86.400019016    
   86.399959523    
   86.400029242    
   86.399989371    
   86.400027986    
   86.400023995    
   86.400024550    
   86.400006683    
   86.400028345    
   86.400018299    
   86.399974929    
   86.400028883    
   86.399997668    
   86.399984930    
   86.399957393    
   86.399987801    
   86.399997578    
   86.400021887    
   86.400010865    
   86.400021707    
   86.400012558    
   86.400018299    
   86.400010585    
   86.400019285    
   86.400014711    
   86.399978181    
   86.399952280    
   86.400018119    
   86.399961967    
   86.400058843    
   86.399991658    
   86.399974884    
   86.400004631    
   86.400010618    
   86.399982060    
   86.399990940    
   86.400003857    
   86.399993003    
   86.400019285    
   86.400030184    
   86.400032651    
   86.399988877    
   86.400002228    
   86.400012917    
   86.399993542    
   86.399996008    
   86.400007927    
   86.399978382    
   86.399980266    
   86.399993183    
   86.399975534    
   86.400018837    
   86.399987532    
   86.400008656    
   86.400002781    
   86.399952370    
   86.400022245    
   86.400015428    
   86.400007355    
   86.400033906    
   86.400008611    
   86.399995750    
   86.400021169    
   86.399980625    
   86.399993183    
   86.400044491    
   86.399960353    
   86.399990649    
   86.399967509    
   86.399993900    
   86.400014918    
   86.400017581    
   86.400006548    
   86.400038212    
   86.400031395    
   86.400034086    
   86.400003902    
   86.400020810    
   86.400015787    
   86.400014890    
   86.399984062    
   86.400025206    
   86.400001435    
   86.400024936    
   86.400006772    
   86.399997309    
   86.400008353    
   86.400042159    
   86.400001166    
   86.400011975    
   86.399977127    
   86.399993721    
   86.400023322    
   86.399996591    
   86.400031350    
   86.399950822    
   86.399984841    
   86.399999013    
   86.399980221    
   86.400024667    
   86.399985830    
   86.400017536    
   86.400013724    
   86.400022515    
   86.400024757    
   86.400016684    
   86.399996771    
   86.399999910    
   86.400036956    
   86.400007714    
   86.400004844    
   86.400008970    
   86.399944386    
   86.399984661    
   86.400005023    
   86.399968426    
   86.400007894    
   86.399986635    
   86.400013993    
   86.399987823    
   86.400022694    
   86.400031754    
   86.399980625    
   86.399971655    
   86.400006817    
   86.399984572    
   86.400009631    
   86.399986097    
   86.400016415    
   86.399989057    
   86.399967708    
   86.400019644    
   86.399995336    
   86.400000718    
   86.399993071    
   86.399986007    
   86.400025475    
   86.399972776    
   86.399991927    
   86.400013006    
   86.399975019    
   86.400059022    
   86.400015249    
   86.400000852    
   86.399974167    
   86.399977485    
   86.399972014    
   86.399984751    
   86.400013814    
   86.400025116    
   86.399973449    
   86.400040096    
   86.399980625    
   86.400002018    
   86.400029063    
   86.400003229    
   86.400014621    
   86.400017222    
   86.399957124    
   86.399980042    
   86.400024667    
   86.400005247    
   86.400014980    
   86.399994528    
   86.399994797    
   86.399977984    
   86.400010685    
   86.400006458    
   86.400023277    
   86.400020749    
   86.399970937    
   86.399991927    
   86.399978472    
   86.399990806    
   86.399952504    
   86.399979190    
   86.400022245    
   86.399976005    
   86.399989595    
   86.400051039    
   86.399979526    
   86.399981701    
   86.400015608    
   86.400006817    
   86.399979986    
   86.399984555    
   86.400009239    
   86.400015070    
   86.399991927    
   86.399979190    
   86.399995324    
   86.400026282    
   86.400012917    
   86.399975512    
   86.400008746    
   86.400021528    
   86.399970758    
   86.399992376    
   86.399994439    
   86.399979190    
   86.400006638    
   86.400001525    
   86.399996950    
   86.400016505    
   86.399992376    
   86.400011482    
   86.399990783    
   86.399984213    
   86.399986724    
   86.400037405    
   86.400031574    
   86.400027538    
   86.400000718    
   86.400006548    
   86.399986724    
   86.399981701    
   86.399982867    
   86.400032830    
   86.400021528    
   86.399979728    
   86.400040825    
   86.400027246    
   86.400002691    
   86.399999193    
   86.400028255    
   86.399997690    
   86.399977396    
   86.400036597    
   86.400019734    
   86.399977474    
   86.399973539    
   86.400017940    
   86.399990671    
   86.399998565    
   86.399989729    
   86.400012109    
   86.400002512    
   86.399975961    
   86.400001749    
   86.399979100    
   86.400002512    
   86.400001076    
   86.400028345    
   86.400003588    
   86.399990268    
   86.400025475    
   86.400007243    
   86.399994797    
   86.400005382    
   86.400022268    
   86.400013993    
   86.400008656    
   86.399985738    
   86.400038750    
   86.399978248    
   86.400018355    
   86.399983136    
   86.399966991    
   86.400007176    
   86.399978113    
   86.399997713    
   86.399977934    
   86.399972014    
   86.400032651    
   86.400004664    
   86.399977485    
   86.399958581    
   86.400011212    
   86.400001413    
   86.399969457    
   86.400006615    
   86.400004171    
   86.400001783    
   86.399986635    
   86.400007086    
   86.400007535    
   86.399989393    
   86.400013365    
   86.400020810    
   86.400023681    
   86.399979190    
   86.400006817    
   86.399982150    
   86.400021887    
   86.400005382    
   86.400032112    
   86.400009553    
   86.400014800    
   86.400025475    
   86.400001973    
   86.399937928    
   86.399984897    
   86.399996053    
   86.399992465    
   86.399977755    
   86.400042248    
   86.399950486    
   86.399996053    
   86.399945732    
   86.399992465    
   86.399994150    
   86.399994282    
   86.400011695    
   86.399979459    
   86.399988563    
   86.400001289    
   86.399990985    
   86.400017065    
   86.399998744    
   86.399965763    
   86.400021875    
   86.400018658    
   86.399974346    
   86.400001256    
   86.400022963    
   86.399993362    
   86.400027448    
   86.400008521    
   86.399999282    
   86.399987621    
   86.400006279    
   86.399971745    
   86.399995425    
   86.400017222    
   86.399979436    
   86.400004933    
   86.399987577    
   86.399970668    
   86.400022425    
   86.400012558    
   86.400029780    
   86.400036575    
   86.400008062    
   86.399992106    
   86.399979907    
   86.399977755    
   86.400008432    
   86.399979907    
   86.400014352    
   86.399972462    
   86.399956585    
   86.400061063    
   86.399990312    
   86.399993407    
   86.399990851    
   86.399997444    
   86.400039827    
   86.399983495    
   86.400030049    
   86.399975902    
   86.399996053    
   86.399992824    
   86.399992645    
   86.399978517    
   86.399973987    
   86.399996771    
   86.399994977    
   86.399980266    
   86.399983428    
   86.399987352    
   86.399978786    
   86.399984661    
   86.399960936    
   86.400006234    
   86.399972014    
   86.399976319    
   86.400009508    
   86.399991972    
   86.400023860    
   86.400053909    
   86.400012423    
   86.400006907    
   86.399965645    
   86.399979717    
   86.400019016    
   86.399998475    
   86.399995668    
   86.400002601    
   86.400024847    
   86.400034355    
   86.400023883    
   86.399983136    
   86.399977755    
   86.400006279    
   86.399992465    
   86.400030318    
   86.400025833    
   86.400003409    
   86.400033368    
   86.400016976    
   86.399997488    
   86.399977037    
   86.400005741    
   86.399998027    
   86.399991010    
   86.399996950    
   86.400007109    
   86.399967349    
   86.400035611    
   86.400018299    
   86.400003835    
   86.400037943    
   86.400010046    
   86.399976140    
   86.400003588    
   86.399998715    
   86.399994439    
   86.399998296    
   86.399981522    
   86.399991568    
   86.399978831    
   86.400021326    
   86.399987980    
   86.399982778    
   86.400007355    
   86.400037315    
   86.399942402    
   86.399987532    
   86.400008432    
   86.400011482    
   86.400008970    
   86.399990806    
   86.400004844    
   86.400001615    
   86.399970220    
   86.399997592    
   86.399959613    
   86.400005741    
   86.399997130    
   86.399984213    
   86.400004306    
   86.399992824    
   86.400002691    
   86.399991030    
   86.400016146    
   86.399980468    
   86.400030969    
   86.399982509    
   86.400012289    
   86.399976813    
   86.399988160    
   86.399976588    
   86.400051667    
   86.400000292    
   86.399995694    
   86.400061354    
   86.399983316    
   86.400005382    
   86.400000000    
   86.399990895    
   86.399996053    
   86.399990739    
   86.399989415    
   86.400009508    
   86.399988530    
   86.399984213    
   86.400019913    
   86.400020093    
   86.399998206    
   86.399998565    
   86.400023311    
   86.400038122    
   86.399994618    
   86.400001794    
   86.400009688    
   86.399969682    
   86.400029242    
   86.399985648    
   86.399991259    
   86.399994618    
   86.400032830    
   86.399978293    
   86.400010764    
   86.400010764    
   86.400012199    
   86.399961564    
   86.400003880    
   86.399978382    
   86.399991030    
   86.400000000    
   86.399985648    
   86.399992903    
   86.399996412    
   86.399980446    
   86.400011347    
   86.399928599    
   86.399976880    
   86.399979481    
   86.400009060    
   86.400022604    
   86.400017581    
   86.400012468    
   86.400012737    
   86.399978293    
   86.400016011    
   86.400012558    
   86.400005870    
   86.400014621    
   86.400020810    
   86.400003857    
   86.400022873    
   86.400021461    
   86.400053461    
   86.399999013    
   86.400000538    
   86.400014621    
   86.399986366    
   86.400044401    
   86.399955868    
   86.400029287    
   86.399975916    
   86.399967349    
   86.399991927    
   86.400032337    
   86.400028524    
   86.400016146    
   86.399999507    
   86.400030857    
   86.400031103    
   86.399996367    
   86.399996233    
   86.400007266    
   86.399969412    
   86.399994080    
   86.399986029    
   86.400008611    
   86.399997847    
   86.399956316    
   86.399968849    
   86.399976858    
   86.399995336    
   86.400023142    
   86.400017222    
   86.400027448    
   86.399996053    
   86.400034803    
   86.399966632    
   86.400040903    
   86.400005920    
   86.400015787    
   86.400007804    
   86.400033727    
   86.400012558    
   86.400016684    
   86.400016415    
   86.399990851    
   86.399991277    
   86.400018478    
   86.399993093    
   86.399989954    
   86.399973707    
   86.400004754    
   86.399979010    
   86.399979907    
   86.400006638    
   86.399961609    
   86.399987846    
   86.399979100    
   86.399979907    
   86.399992219    
   86.399994259    
   86.400008073    
   86.400013634    
   86.399984213    
   86.399942861    
   86.399973808    
   86.399988518    
   86.400020810    
   86.400002153    
   86.399986007    
   86.400036239    
   86.400011123    
   86.399998565    
   86.400020810    
   86.400003229    
   86.400007938    
   86.399997690    
   86.399991748    
   86.399986590    
   86.400003050    
   86.400035342    
   86.399994080    
   86.399993721    
   86.400011482    
   86.399969502    
   86.399957303    
   86.399962326    
   86.399968426    
   86.400020496    
   86.400003588    
   86.400025654    
   86.400003364    
   86.399990851    
   86.400025295    
   86.400037494    
   86.400024538    
   86.399962506    
   86.400034803    
   86.399999999    
   86.399974167    
   86.399983047    
   86.399967708    
   86.400029152    
   86.399992678    
   86.400008342    
   86.400036777    
   86.399975422    
   86.399990582    
   86.400007983    
   86.400007266    
   86.400032471    
   86.399989774    
   86.399983854    
   86.399990133    
   86.400021169    
   86.400020990    
   86.399995515    
   86.399981970    
   86.399959097    
   86.400002153    
   86.399984213    
   86.399992959    
   86.400008970    
   86.400029780    
   86.400000538    
   86.400004900    
   86.400019016    
   86.400019196    
   86.400002960    
   86.400029601    
   86.399969502    
   86.400035521    
   86.399995874    
   86.399990268    
   86.399969412    
   86.399997847    
   86.400008432    
   86.399985738    
   86.399989076    
   86.399982733    
   86.400032516    
   86.400007894    
   86.400017189    
   86.400018310    
   86.400015025    
   86.400008970    
   86.399975243    
   86.400023681    
   86.400003588    
   86.400012199    
   86.400066019    
   86.399962147    
   86.400017447    
   86.399983675    
   86.399969502    
   86.399991389    
   86.400002826    
   86.400027269    
   86.399997163    
   86.399981499    
   86.399993542    
   86.399993273    
   86.399993631    
   86.400024802    
   86.400011930    
   86.400022156    
   86.400011123    
   86.400011451    
   86.399988922    
   86.399989954    
   86.399959052    
   86.400011123    
   86.400032965    
   86.399978472    
   86.400006548    
   86.400045926    
   86.400036508    
   86.399968426    
   86.400000000    
   86.399991389    
   86.399978113    
   86.400005920    
   86.399995246    
   86.400026506    
   86.400001076    
   86.399991120    
   86.399991389    
   86.400021169    
   86.400000269    
   86.400024398    
   86.400005561    
   86.399995694    
   86.400000000    
   86.399969143    
   86.400004620    
   86.400017940    
   86.399961967    
   86.399988698    
   86.399986455    
   86.399980715    
   86.400012289    
   86.399996053    
   86.399992824    
   86.399991748    
   86.399996120    
   86.400007894    
   86.399990649    
   86.400009329    
   86.399995919    
   86.400014352    
   86.400056331    
   86.399991748    
   86.399994125    
   86.399975422    
   86.399981343    
   86.399976342    
   86.400009508    
   86.399990492    
   86.399991030    
   86.400001794    
   86.399998565    
   86.400026798    
   86.399985155    
   86.400014352    
   86.400024757    
   86.399996031    
   86.400016864    
   86.399995515    
   86.399954433    
   86.399970130    
   86.400017133    
   86.399999641    
   86.400002086    
   86.399964838    
   86.400032292    
   86.400026192    
   86.399998296    
   86.399975400    
   86.400007176    
   86.400029825    
   86.400005382    
   86.400002826    
   86.400020093    
   86.400000897    
   86.399994349    
   86.399950127    
   86.399994977    
   86.400002870    
   86.400001794    
   86.400004395    
   86.399984392    
   86.400001794    
   86.399976880    
   86.400013993    
   86.400019734    
   86.400036766    
   86.399978113    
   86.399985200    
   86.399985648    
   86.399982957    
   86.400014352    
   86.400001345    
   86.399975422    
   86.399962595    
   86.399982419    
   86.399982060    
   86.400019913    
   86.399994080    
   86.400038750    
   86.399996681    
   86.399970579    
   86.399985469    
   86.399995694    
   86.399988160    
   86.399971790    
   86.400002063    
   86.399970309    
   86.400003409    
   86.400030318    
   86.400037965    
   86.400023255    
   86.400026551    
   86.400004036    
   86.400055255    
   86.399977396    
   86.399996849    
   86.400015473    
   86.400015249    
   86.399966273    
   86.399954791    
   86.400029152    
   86.399966273    
   86.400006458    
   86.399991927    
   86.399974570    
   86.399983136    
   86.400029780    
   86.399991232    
   86.400024623    
   86.399993811    
   86.399991748    
   86.399966935    
   86.399975557    
   86.400033974    
   86.400004306    
   86.399962506    
   86.399975961    
   86.399982105    
   86.399990492    
   86.400000538    
   86.399998206    
   86.400001940    
   86.400005741    
   86.400047003    
   86.399955509    
   86.399994080    
   86.399955688    
   86.399960891    
   86.400044850    
   86.400027762    
   86.399988877    
   86.399981612    
   86.400035342    
   86.399983316    
   86.399987139    
   86.399980490    
   86.400046644    
   86.400006997    
   86.400017581    
   86.399990312    
   86.400018658    
   86.400016864    
   86.399984347    
   86.400017581    
   86.399973987    
   86.400004306    
   86.400016505    
   86.400007535    
   86.400034086    
   86.400002153    
   86.400026192    
   86.400032292    
   86.399969502    
   86.400000269    
   86.400003857    
   86.399970579    
   86.399994797    
   86.400013859    
   86.400010764    
   86.400021976    
   86.399981090    
   86.399994528    
   86.399961967    
   86.400028693    
   86.400006638    
   86.400049155    
   86.399994259    
   86.399965914    
   86.400000987    
   86.399958559    
   86.399976858    
   86.400004664    
   86.399993542    
   86.400008970    
   86.400011863    
   86.400042338    
   86.399997219    
   86.399966834    
   86.399964658    
   86.399986085    
   86.399992454    
   86.399999552    
   86.400017043    
   86.399964658    
   86.399988160    
   86.399998699    
   86.400008880    
   86.400029063    
   86.400032651    
   86.400001951    
   86.399998475    
   86.400018658    
   86.400026013    
   86.400010674    
   86.399947615    
   86.399983495    
   86.399968157    
   86.400026551    
   86.400018433    
   86.399960622    
   86.399967529    
   86.399998206    
   86.400000269    
   86.399983720    
   86.399992376    
   86.400049514    
   86.399969390    
   86.399999821    
   86.400006997    
   86.400027269    
   86.400022358    
   86.399990492    
   86.400039288    
   86.400050097    
   86.399997847    
   86.399978831    
   86.400016056    
   86.400016325    
   86.400013814    
   86.399994797    
   86.400030386    
   86.399971767    
   86.399965555    
   86.400021079    
   86.399989236    
   86.400013679    
   86.399988474    
   86.399968269    
   86.399989595    
   86.400001794    
   86.399989505    
   86.399997713    
   86.399956843    
   86.400034086    
   86.400058933    
   86.400011818    
   86.399965286    
   86.399979862    
   86.399980625    
   86.400002826    
   86.400034086    
   86.400050142    
   86.399997130    
   86.400039827    
   86.399997668    
   86.399975534    
   86.399971296    
   86.399973987    
   86.400024667    
   86.400016460    
   86.400027269    
   86.399975781    
   86.400003005    
   86.400010585    
   86.399980804    
   86.399972081    
   86.400043011    
   86.399979369    
   86.399993542    
   86.399999619    
   86.400004754    
   86.400014352    
   86.400035656    
   86.400007086    
   86.399991568    
   86.400007445    
   86.400007176    
   86.399985827    
   86.400019016    
   86.399994080    
   86.400026551    
   86.399977755    
   86.399990963    
   86.400035521    
   86.399981343    
   86.400012379    
   86.400029242    
   86.400003229    
   86.400001076    
   86.400015451    
   86.399973808    
   86.400012648    
   86.400019695    
   86.399982688    
   86.400001794    
   86.399973449    
   86.399954522    
   86.399949768    
   86.399984975    
   86.400001704    
   86.399997914    
   86.400032292    
   86.400014531    
   86.399988518    
   86.399970649    
   86.399984392    
   86.399991927    
   86.400042338    
   86.400014531    
   86.399991389    
   86.400060099    
   86.400046554    
   86.400003123    
   86.400015070    
   86.399941337    
   86.399997488    
   86.399997578    
   86.400003947    
   86.399993211    
   86.399999103    
   86.400031036    
   86.399986186    
   86.400006100    
   86.400000718    
   86.400005741    
   86.400019734    
   86.400038066    
   86.400009688    
   86.399998772    
   86.400041621    
   86.399989595    
   86.399975961    
   86.399967888    
   86.399985648    
   86.399949858    
   86.399998475    
   86.400012199    
   86.399963358    
   86.400002803    
   86.400007176    
   86.400013634    
   86.400027986    
   86.400014273    
   86.399996412    
   86.399981343    
   86.400002691    
   86.400000538    
   86.400009822    
   86.399990312    
   86.400012199    
   86.399997847    
   86.399995896    
   86.400013141    
   86.399966094    
   86.399999103    
   86.400022290    
   86.399977171    
   86.399975961    
   86.399979549    
   86.399987442    
   86.399989415    
   86.399971296    
   86.400024578    
   86.399998834    
   86.399982060    
   86.400044895    
   86.399989954    
   86.399990088    
   86.400018792    
   86.399995515    
   86.400022245    
   86.399969682    
   86.400018287    
   86.399963761    
   86.400035162    
   86.399985874    
   86.399987666    
   86.400003588    
   86.399965107    
   86.400058753    
   86.400013634    
   86.399993990    
   86.399995470    
   86.400014352    
   86.400022245    
   86.400029152    
   86.400006649    
   86.400025744    
   86.400014352    
   86.399992106    
   86.399994977    
   86.399987621    
   86.399981494    
   86.399980087    
   86.399976118    
   86.399992734    
   86.400000000    
   86.399998610    
   86.399999821    
   86.400021797    
   86.399986186    
   86.399966183    
   86.400022425    
   86.399992286    
   86.400002063    
   86.399977951    
   86.400023501    
   86.399990940    
   86.399977306    
   86.399997578    
   86.400003050    
   86.400021887    
   86.399981343    
   86.400000000    
   86.400008650    
   86.399984213    
   86.400006100    
   86.399992852    
   86.399976893    
   86.399997847    
   86.399967574    
   86.399999821    
   86.400020721    
   86.400014711    
   86.400008196    
   86.399999686    
   86.399975961    
   86.399997488    
   86.400000292    
   86.399987173    
   86.399993945    
   86.400011112    
   86.400049161    
   86.399993542    
   86.399983854    
   86.399979862    
   86.399995336    
   86.399970220    
   86.400019016    
   86.399985469    
   86.400004844    
   86.400001435    
   86.399998027    
   86.400011482    
   86.399979862    
   86.400000224    
   86.399999989    
   86.400010585    
   86.400032830    
   86.399959725    
   86.400002960    
   86.399919629    
   86.399994977    
   86.399990223    
   86.400007176    
   86.400009329    
   86.399966845    
   86.399968785    
   86.399984213    
   86.399995694    
   86.399996251    
   86.399989595    
   86.399955330    
   86.399976140    
   86.399991165    
   86.399986994    
   86.399981791    
   86.400012199    
   86.399992645    
   86.399997488    
   86.400017245    
   86.399997130    
   86.400016684    
   86.400025833    
   86.399985984    
   86.400002915    
   86.400026551    
   86.400005023    
   86.399991748    
   86.400017222    
   86.399990088    
   86.399989415    
   86.399988440    
   86.399992824    
   86.400014486    
   86.400017402    
   86.399996950    
   86.399991540    
   86.400017043    
   86.400001794    
   86.399992645    
   86.399995173    
   86.400005113    
   86.399959097    
   86.400020990    
   86.400022963    
   86.399949409    
   86.400011840    
   86.400026573    
   86.400015967    
   86.399969222    
   86.400002691    
   86.400016864    
   86.399986724    
   86.400001615    
   86.399998027    
   86.400027941    
   86.399959456    
   86.400006279    
   86.400001654    
   86.400008297    
   86.399991030    
   86.400009329    
   86.399995515    
   86.400003229    
   86.399987083    
   86.400017043    
   86.400000718    
   86.400003229    
   86.400006189    
   86.399993362    
   86.400033211    
   86.399999193    
   86.399997130    
   86.399974615    
   86.399993093    
   86.399935058    
   86.400012917    
   86.400016656    
   86.400014711    
   86.400016505    
   86.400014531    
   86.400002242    
   86.400010764    
   86.399991030    
   86.400012827    
   86.399970579    
   86.400023322    
   86.400014890    
   86.400004664    
   86.400003415    
   86.400024398    
   86.399988339    
   86.399993183    
   86.400006100    
   86.400003072    
   86.399987263    
   86.399976499    
   86.399975467    
   86.399985827    
   86.399979549    
   86.399991568    
   86.399975893    
   86.400008163    
   86.399995694    
   86.400021797    
   86.400029427    
   86.399973449    
   86.400016146    
   86.399996861    
   86.400016101    
   86.399961609    
   86.399987016    
   86.400029915    
   86.400028883    
   86.400009284    
   86.400029063    
   86.399964030    
   86.399991209    
   86.399990312    
   86.400008342    
   86.400023591    
   86.399992465    
   86.399997758    
   86.399978113    
   86.399969502    
   86.399963941    
   86.400012401    
   86.399985006    
   86.399998385    
   86.400001435    
   86.399997847    
   86.400002338    
   86.400004933    
   86.400033368    
   86.399967708    
   86.400024936    
   86.400042719    
   86.400029780    
   86.400012334    
   86.399999821    
   86.399981701    
   86.400003947    
   86.400018927    
   86.400010360    
   86.399989774    
   86.399997309    
   86.399967016    
   86.400006100    
   86.399973090    
   86.399951203    
   86.399997040    
   86.400003184    
   86.400035656    
   86.400008611    
   86.399992286    
   86.400013993    
   86.399998385    
   86.399974122    
   86.400023053    
   86.399967529    
   86.399960712    
   86.399994618    
   86.400007378    
   86.400030677    
   86.400021707    
   86.400027538    
   86.400001615    
   86.400021393    
   86.399981343    
   86.400003453    
   86.399994439    
   86.399985648    
   86.399965555    
   86.400010046    
   86.399968605    
   86.399987442    
   86.400010405    
   86.399993687    
   86.400030857    
   86.400000359    
   86.399951562    
   86.399971476    
   86.399974525    
   86.399987801    
   86.399977037    
   86.399996771    
   86.399961340    
   86.399963403    
   86.399960891    
   86.400010764    
   86.399976723    
   86.400017761    
   86.399977463    
   86.399976499    
   86.399994573    
   86.399991479    
   86.400021438    
   86.399992017    
   86.400002153    
   86.399983108    
   86.399965152    
   86.400003498    
   86.400012379    
   86.399975691    
   86.399970937    
   86.400004664    
   86.400007445    
   86.400044581    
   86.400025295    
   86.400000987    
   86.399993990    
   86.400013634    
   86.400011123    
   86.399982105    
   86.399966520    
   86.400010046    
   86.400019554    
   86.400005561    
   86.399973090    
   86.399997085    
   86.399999708    
   86.399993900    
   86.400006010    
   86.400032292    
   86.400013455    
   86.399998744    
   86.400042204    
   86.400036956    
   86.400000897    
   86.399987285    
   86.399982419    
   86.399974660    
   86.400000897    
   86.399956406    
   86.399973808    
   86.400031754    
   86.399984572    
   86.400000448    
   86.400017312    
   86.399992106    
   86.400023860    
   86.399974346    
   86.399969819    
   86.400021528    
   86.400020003    
   86.400003947    
   86.399950665    
   86.399992106    
   86.400006100    
   86.399995582    
   86.400009688    
   86.399976409    
   86.400013634    
   86.400013903    
   86.400014352    
   86.399988883    
   86.400031933    
   86.400004306    
   86.400002781    
   86.399988227    
   86.399985827    
   86.399995694    
   86.400008611    
   86.400018119    
   86.400034265    
   86.400002153    
   86.399982778    
   86.399975602    
   86.399980176    
   86.399957662    
   86.399974794    
   86.399991748    
   86.399967506    
   86.399990312    
   86.400044087    
   86.399980984    
   86.400025564    
   86.399996771    
   86.400003767    
   86.400044042    
   86.399967708    
   86.400001704    
   86.400011302    
   86.400033548    
   86.400001211    
   86.400005382    
   86.400021640    
   86.400016056    
   86.399959994    
   86.399999630    
   86.400008364    
   86.400007624    
   86.400013993    
   86.400024039    
   86.399979549    
   86.400017940    
   86.400047406    
   86.400022604    
   86.400019016    
   86.400024398    
   86.400000718    
   86.399977934    
   86.400036508    
   86.399960712    
   86.399996053    
   86.400005382    
   86.400006862    
   86.399993093    
   86.400019375    
   86.400009060    
   86.400023681    
   86.400038033    
   86.399982509    
   86.399975961    
   86.399972395    
   86.399999081    
   86.399979078    
   86.399969861    
   86.400022694    
   86.400031215    
   86.400046150    
   86.399997847    
   86.400000718    
   86.399987083    
   86.400024398    
   86.400018299    
   86.399984930    
   86.399993183    
   86.399996771    
   86.399968067    
   86.400014352    
   86.400020093    
   86.400019734    
   86.399970646    
   86.400033727    
   86.400008701    
   86.400016864    
   86.400015249    
   86.400074630    
   86.400006279    
   86.399984751    
   86.400006638    
   86.400009149    
   86.400001301    
   86.399969603    
   86.400029960    
   86.399990133    
   86.399991344    
   86.400002108    
   86.400021528    
   86.400021438    
   86.400028524    
   86.399991523    
   86.399984930    
   86.400004485    
   86.399983406    
   86.399965645    
   86.399980535    
   86.400017222    
   86.400004306    
   86.399982778    
   86.400019734    
   86.400017505    
   86.399947077    
   86.400014890    
   86.399982419    
   86.400002411    
   86.400015249    
   86.400039109    
   86.399986276    
   86.399978652    
   86.399999462    
   86.399994618    
   86.399964210    
   86.400034086    
   86.400001794    
   86.400008611    
   86.399973875    
   86.399998565    
   86.400012558    
   86.400025564    
   86.399984235    
   86.399992286    
   86.399990312    
   86.400038212    
   86.400004306    
   86.399973449    
   86.399997062    
   86.399985289    
   86.399977396    
   86.399981118    
   86.400034960    
   86.399990492    
   86.400011751    
   86.400045119    
   86.400011033    
   86.400008163    
   86.400009867    
   86.399989954    
   86.399979728    
   86.400013814    
   86.400014217    
   86.400006100    
   86.399990043    
   86.399997847    
   86.400013814    
   86.399988788    
   86.399991568    
   86.399957482    
   86.399977799    
   86.400021169    
   86.400000897    
   86.400022290    
   86.399982105    
   86.400043168    
   86.400004126    
   86.399993452    
   86.399983764    
   86.399966094    
   86.400022604    
   86.399996502    
   86.400013231    
   86.400024309    
   86.400014352    
   86.399989236    
   86.399996412    
   86.400003229    
   86.399996950    
   86.400016325    
   86.400004036    
   86.399970040    
   86.399981701    
   86.399997399    
   86.400024600    
   86.399983316    
   86.399967439    
   86.399981253    
   86.399977160    
   86.400003184    
   86.400025654    
   86.400012244    
   86.399990851    
   86.399989954    
   86.399985059    
   86.400013276    
   86.400012379    
   86.400028418    
   86.399985020    
   86.400019263    
   86.400049873    
   86.400024757    
   86.399960981    
   86.399998565    
   86.399982598    
   86.400011482    
   86.400000718    
   86.400000090    
   86.399992645    
   86.400008970    
   86.400000785    
   86.399994977    
   86.399982497    
   86.399993362    
   86.400009508    
   86.400003341    
   86.400004709    
   86.400001738    
   86.400005158    
   86.399952370    
   86.400011526    
   86.400005292    
   86.399973987    
   86.400005292    
   86.400029063    
   86.399969682    
   86.400034803    
   86.400009688    
   86.400017222    
   86.400003409    
   86.400005382    
   86.400029870    
   86.400025306    
   86.399989595    
   86.399995156    
   86.399946615    
   86.400005741    
   86.399998475    
   86.400006100    
   86.399975064    
   86.400001076    
   86.399975961    
   86.400030318    
   86.400051936    
   86.400009418    
   86.400005382    
   86.400026551    
   86.399975537    
   86.400013276    
   86.399971476    
   86.400044110    
   86.399972731    
   86.399962954    
   86.400022604    
   86.400042428    
   86.399982867    
   86.399963223    
   86.399994977    
   86.399979134    
   86.400015608    
   86.400030139    
   86.400021707    
   86.400009060    
   86.399984930    
   86.400026192    
   86.399984572    
   86.399994349    
   86.400007535    
   86.399995336    
   86.400043594    
   86.399995425    
   86.399958604    
   86.399981970    
   86.400026013    
   86.400037225    
   86.400010405    
   86.399996861    
   86.399978293    
   86.400039288    
   86.399995515    
   86.399999092    
   86.400010764    
   86.399955509    
   86.400013455    
   86.399948154    
   86.400029601    
   86.400002870    
   86.400026147    
   86.399986186    
   86.400012020    
   86.400004306    
   86.399966632    
   86.399993183    
   86.399998789    
   86.400008611    
   86.400010405    
   86.399979190    
   86.400007131    
   86.400017761    
   86.399982419    
   86.400039109    
   86.399997219    
   86.400014442    
   86.399993990    
   86.399953894    
   86.400022873    
   86.400027717    
   86.400019734    
   86.400008252    
   86.399990671    
   86.399993766    
   86.399999821    
   86.399998565    
   86.399974705    
   86.400012558    
   86.400008477    
   86.399956227    
   86.399968246    
   86.399991389    
   86.400052654    
   86.400010315    
   86.399971476    
   86.399974794    
   86.400002332    
   86.399991479    
   86.399986724    
   86.399991837    
   86.399993609    
   86.400015070    
   86.399974705    
   86.399992645    
   86.399998744    
   86.400015574    
   86.399995650    
   86.399998296    
   86.399981343    
   86.400014711    
   86.399988518    
   86.400009867    
   86.400032426    
   86.400002792    
   86.400000224    
   86.400031574    
   86.400022604    
   86.399980221    
   86.399971946    
   86.400008151    
   86.399995818    
   86.399991109    
   86.399968403    
   86.400009957    
   86.399990402    
   86.400009688    
   86.400017531    
   86.400024219    
   86.399941157    
   86.400034983    
   86.400008252    
   86.399982778    
   86.399970579    
   86.400018388    
   86.399981343    
   86.399970668    
   86.399971072    
   86.399994977    
   86.400024936    
   86.400014307    
   86.399966632    
   86.400009732    
   86.399993900    
   86.399976588    
   86.399983136    
   86.399994977    
   86.399979549    
   86.399973270    
   86.400049155    
   86.399989550    
   86.400012289    
   86.400030229    
   86.399997758    
   86.400011123    
   86.399972014    
   86.399963049    
   86.400014621    
   86.400008118    
   86.400018646    
   86.399999261    
   86.400007994    
   86.399992689    
   86.399973449    
   86.400018837    
   86.400024757    
   86.399957482    
   86.400036059    
   86.399981432    
   86.399973449    
   86.399993900    
   86.399998565    
   86.400000718    
   86.399974167    
   86.400014173    
   86.399990312    
   86.400004216    
   86.399978293    
   86.400002512    
   86.400021079    
   86.399957841    
   86.399957841    
   86.400006234    
   86.400031058    
   86.400008387    
   86.399985648    
   86.400033368    
   86.400040589    
   86.400006010    
   86.400000000    
   86.399996636    
   86.400021528    
   86.400033458    
   86.400018030    
   86.400001256    
   86.399987801    
   86.399999910    
   86.399986366    
   86.399983181    
   86.400006548    
   86.400008252    
   86.399976319    
   86.399973718    
   86.400009508    
   86.399998206    
   86.399986388    
   86.399981343    
   86.399997668    
   86.399989774    
   86.399965107    
   86.400047451    
   86.400004732    
   86.400012917    
   86.400016415    
   86.399961429    
   86.400019554    
   86.399991748    
   86.400015249    
   86.399972403    
   86.400033996    
   86.400029466    
   86.400003588    
   86.400006750    
   86.399982957    
   86.400013567    
   86.399996950    
   86.400011571    
   86.399986724    
   86.399989528    
   86.399976544    
   86.400024443    
   86.400022021    
   86.399996771    
   86.399981701    
   86.400005427    
   86.399981612    
   86.400008297    
   86.399987139    
   86.400005023    
   86.399986724    
   86.399984123    
   86.400006279    
   86.400021797    
   86.400007176    
   86.400010046    
   86.399991568    
   86.400015787    
   86.399956855    
   86.400026461    
   86.400007894    
   86.400011571    
   86.400021573    
   86.399970579    
   86.399995336    
   86.399991344    
   86.400018837    
   86.400019016    
   86.399965555    
   86.399978562    
   86.399994977    
   86.399994618    
   86.399977485    
   86.399998296    
   86.399995380    
   86.399992196    
   86.400016505    
   86.400005023    
   86.400007176    
   86.400002601    
   86.400005741    
   86.400000179    
   86.399979369    
   86.399995336    
   86.400009329    
   86.400012962    
   86.400010046    
   86.399966452    
   86.400021348    
   86.399978293    
   86.400026506    
   86.400013679    
   86.400008252    
   86.399945238    
   86.399985917    
   86.399998385    
   86.399967888    
   86.400015787    
   86.400002242    
   86.399981791    
   86.400007400    
   86.400005741    
   86.400051196    
   86.400037405    
   86.399957112    
   86.400019857    
   86.399959007    
   86.399975602    
   86.400036126    
   86.399999282    
   86.399990223    
   86.399985648    
   86.400013208    
   86.399997892    
   86.400029287    
   86.400006100    
   86.399988877    
   86.399975691    
   86.399980984    
   86.399991523    
   86.400045567    
   86.400013365    
   86.400018837    
   86.400003409    
   86.400027919    
   86.400014980    
   86.400044312    
   86.399935971    
   86.400006548    
   86.399988860    
   86.400032662    
   86.399996681    
   86.400023681    
   86.400015070    
   86.399977710    
   86.399988160    
   86.399988877    
   86.399982598    
   86.399994349    
   86.400013903    
   86.399977216    
   86.399998128    
   86.400003409    
   86.400026730    
   86.400011123    
   86.399997152    
   86.400039916    
   86.399966991    
   86.400036194    
   86.399981230    
   86.399982060    
   86.399965981    
   86.400008252    
   86.400023142    
   86.400001794    
   86.400012020    
   86.400006593    
   86.399997085    
   86.400019487    
   86.400011661    
   86.400010226    
   86.399976858    
   86.400003319    
   86.400018299    
   86.399966632    
   86.399995493    
   86.400011751    
   86.400001076    
   86.400004014    
   86.399954433    
   86.399997847    
   86.400020272    
   86.399997275    
   86.399984930    
   86.400003319    
   86.400000448    
   86.400018747    
   86.399976140    
   86.400027627    
   86.400025564    
   86.399978999    
   86.399974525    
   86.400007445    
   86.400017761    
   86.399994741    
   86.400006997    
   86.399998430    
   86.400018299    
   86.400028917    
   86.400010764    
   86.399994439    
   86.399997163    
   86.399967932    
   86.399974884    
   86.400003050    
   86.399994259    
   86.399993048    
   86.399996995    
   86.400022425    
   86.400011482    
   86.400011257    
   86.400007714    
   86.400023501    
   86.400005023    
   86.400046913    
   86.399993598    
   86.399989281    
   86.399953177    
   86.400047361    
   86.400011482    
   86.400016886    
   86.400013634    
   86.399990851    
   86.399979907    
   86.400021169    
   86.399986366    
   86.400021259    
   86.399973045    
   86.400010355    
   86.399959198    
   86.399984213    
   86.400041811    
   86.400006638    
   86.399992645    
   86.400019734    
   86.400000875    
   86.399972911    
   86.399994977    
   86.399954478    
   86.399985289    
   86.400018523    
   86.400025744    
   86.399981073    
   86.400012950    
   86.400046790    
   86.400022380    
   86.399966189    
   86.399998924    
   86.399986186    
   86.399987099    
   86.399975781    
   86.399995964    
   86.399999103    
   86.399994259    
   86.400008791    
   86.400012917    
   86.400015204    
   86.399984930    
   86.399988160    
   86.399993542    
   86.400023860    
   86.400025161    
   86.399995694    
   86.399958738    
   86.400001615    
   86.400033480    
   86.399960891    
   86.399978472    
   86.399985648    
   86.400000493    
   86.400043773    
   86.399982598    
   86.399984661    
   86.400007804    
   86.400002242    
   86.400039019    
   86.400002153    
   86.400011302    
   86.399993396    
   86.400008252    
   86.399991927    
   86.399962752    
   86.399992017    
   86.399973359    
   86.400011358    
   86.399993093    
   86.399996154    
   86.399988518    
   86.400058933    
   86.399963044    
   86.399986321    
   86.399945104    
   86.400014173    
   86.399980446    
   86.400027044    
   86.400043549    
   86.399985469    
   86.400010405    
   86.400000179    
   86.399994977    
   86.399983361    
   86.399977306    
   86.399976560    
   86.400010315    
   86.400021169    
   86.400047182    
   86.400006391    
   86.399984482    
   86.400014262    
   86.399985648    
   86.400018747    
   86.399994797    
   86.400014890    
   86.400005113    
   86.399963986    
   86.399994618    
   86.399970175    
   86.400054806    
   86.399941449    
   86.399969412    
   86.399994977    
   86.400008252    
   86.400004844    
   86.400010629    
   86.399975942    
   86.400031215    
   86.399993340    
   86.399988339    
   86.400043392    
   86.400012334    
   86.399996905    
   86.400020451    
   86.400036368    
   86.399983854    
   86.399995784    
   86.400015070    
   86.400015720    
   86.399977755    
   86.400034489    
   86.400020059    
   86.400035745    
   86.400010405    
   86.399996950    
   86.400016864    
   86.399963582    
   86.400008611    
   86.399998924    
   86.400028143    
   86.400005709    
   86.399978831    
   86.399960092    
   86.400014756    
   86.399952997    
   86.400009822    
   86.400034445    
   86.400029780    
   86.399971834    
   86.399944207    
   86.400027717    
   86.400010405    
   86.399965645    
   86.399973808    
   86.400020810    
   86.399992555    
   86.400034557    
   86.399995739    
   86.399982419    
   86.400022604    
   86.400008252    
   86.399986853    
   86.400005382    
   86.400016639    
   86.400002153    
   86.400013455    
   86.400013320    
   86.399975243    
   86.399986007    
   86.400022784    
   86.400004216    
   86.399990458    
   86.399994013    
   86.399993183    
   86.399965690    
   86.400024488    
   86.399996233    
   86.400019734    
   86.400042742    
   86.400019644    
   86.400030318    
   86.399996771    
   86.399987801    
   86.399952997    
   86.400008073    
   86.399998206    
   86.400024039    
   86.400020810    
   86.399980984    
   86.400035790    
   86.399950845    
   86.400012020    
   86.400005382    
   86.400005561    
   86.399971386    
   86.399971633    
   86.399983406    
   86.400039468    
   86.399968246    
   86.400012558    
   86.399961855    
   86.400021528    
   86.400009194    
   86.400033009    
   86.400014980    
   86.400011055    
   86.399973539    
   86.399993183    
   86.400018658    
   86.399974525    
   86.399981059    
   86.399969412    
   86.400027448    
   86.400001973    
   86.400041699    
   86.399968605    
   86.400045836    
   86.399962685    
   86.400024847    
   86.399980356    
   86.400001256    
   86.399966811    
   86.399994416    
   86.399991837    
   86.400027986    
   86.400019913    
   86.399987980    
   86.400020451    
   86.400009351    
   86.400020541    
   86.400014352    
   86.400016774    
   86.399969861    
   86.400023950    
   86.400012962    
   86.399982150    
   86.400007086    
   86.399985547    
   86.400016460    
   86.400004844    
   86.399997309    
   86.399979375    
   86.400033256    
   86.400031933    
   86.400010405    
   86.399994932    
   86.399997668    
   86.400007165    
   86.400015428    
   86.400004093    
   86.399990223    
   86.400022604    
   86.400039109    
   86.400002153    
   86.400023681    
   86.399996412    
   86.400002164    
   86.399994035    
   86.400043244    
   86.400009015    
   86.399990940    
   86.400002063    
   86.400006100    
   86.400006369    
   86.399970848    
   86.400000179    
   86.399974884    
   86.400005023    
   86.399979010    
   86.400002960    
   86.399992734    
   86.400006458    
   86.399982957    
   86.400000448    
   86.400007176    
   86.399973180    
   86.400000000    
   86.399968785    
   86.400027627    
   86.399995425    
   86.399978113    
   86.400010338    
   86.399973270    
   86.400008880    
   86.400003229    
   86.399986724    
   86.399990402    
   86.400025609    
   86.399989954    
   86.400001749    
   86.400039288    
   86.399995560    
   86.399989326    
   86.400000959    
   86.400027717    
   86.399999282    
   86.399959815    
   86.400021528    
   86.400002153    
   86.400022604    
   86.400001435    
   86.399988160    
   86.400014352    
   86.400024757    
   86.400010360    
   86.400006638    
   86.399967506    
   86.400029421    
   86.400010046    
   86.399987083    
   86.400005741    
   86.399975512    
   86.400032382    
   86.399983568    
   86.399991389    
   86.399958492    
   86.399973583    
   86.399994242    
   86.400002601    
   86.399990851    
   86.400039782    
   86.399998296    
   86.399998116    
   86.400002870    
   86.400014352    
   86.400001076    
   86.399978225    
   86.399965376    
   86.400027269    
   86.400000000    
   86.400037046    
   86.399995851    
   86.399977037    
   86.399988518    
   86.399985469    
   86.400008163    
   86.400007714    
   86.400013298    
   86.400020093    
   86.400013365    
   86.399971520    
   86.400020451    
   86.399982419    
   86.399999955    
   86.399996502    
   86.400008611    
   86.400006436    
   86.400009466    
   86.400010405    
