     136.59919739     135.90339661     136.25360107     136.21949768     134.80760193     134.80760193     134.80760193     134.80760193     135.12899780     135.29049683     135.24609375     135.27200317     135.20739746     135.26249695     135.06700134     134.77639771     134.73480225     135.80639648     137.41990662     137.52130127
     137.36450195     137.47270203     137.55439758     137.61669922     137.44880676     136.93150330     136.82159424     136.61759949     134.83599854     134.83599854     134.83599854     134.83599854     133.26199341     133.26199341     133.26199341     133.26199341     134.50450134     134.70440674     134.65789795     134.62480164
     134.59370422     134.59910583     134.62770081     134.69650269     135.32800293     136.82980347     137.32749939     137.27609253     137.33819580     137.55000305     137.70649719     137.64680481     137.64610291     137.50169373     137.15660095     137.20050049     137.11399841     136.42970276     134.59480286     134.59480286
     134.59480286     134.59480286     133.32679749     133.32679749     133.32679749     133.32679749     134.45629883     134.45629883     134.45629883     134.45629883     134.56979370     134.51210022     134.53619385     134.62939453     134.67779541     134.70379639     134.81950378     135.57229614     136.73249817     137.47880554
     137.59249878     137.73289490     137.87750244     137.99670410     136.80059814     137.13160706     137.32679749     137.38259888     137.41380310     137.35910034     137.25689697     136.79190063     136.75050354     134.79640198     133.31059265     133.31059265     133.31059265     133.31059265     134.21290588     134.21290588
     134.21290588     134.21290588     134.63989258     134.71949768     134.75500488     134.78080750     134.82620239     134.75999451     135.52810669     135.96330261     136.96180725     137.81170654     137.87480164     137.91969299     138.30160522     139.36149597     136.61950684     136.66279602     136.87570190     137.05909729
     137.34309387     137.59190369     137.52740479     137.44830322     137.17489624     137.05929565     137.00140381     134.73460388     133.25149536     133.25149536     133.25149536     133.25149536     134.48440552     134.48440552     134.48440552     134.48440552     135.02560425     134.98199463     134.98750305     135.00540161
     134.78390503     135.78480530     136.07769775     136.57319641     137.24450684     138.09269714     138.53129578     139.58900452     140.13180542     140.17820740     136.33009338     136.45210266     136.82310486     136.97669983     137.20860291     137.20469666     137.52600098     137.67379761     137.69070435     137.45570374
     137.15029907     137.23210144     136.74119568     134.62100220     133.54060364     133.54060364     133.54060364     133.54060364     134.72250366     134.72250366     134.72250366     134.72250366     135.24040222     135.32989502     135.34100342     134.80780029     135.90249634     136.31440735     136.69439697     137.35020447
     137.80780029     139.42469788     140.24349976     140.29200745     140.38459778     140.45050049     135.87780762     136.34570312     136.77639771     136.88439941     136.99259949     137.25230408     137.34530640     137.75520325     137.93220520     137.87590027     137.62809753     137.37109375     137.27020264     137.07429504
     135.68269348     134.66940308     133.51730347     133.51730347     133.51730347     133.51730347     134.46910095     134.46910095     134.46910095     134.46910095     135.55549622     135.62770081     134.86759949     135.98809814     136.46429443     136.79139709     137.28990173     137.74470520     138.62060547     140.45109558
     140.71820068     140.42289734     140.51289368     140.92700195     135.61749268     135.39970398     136.25239563     137.09539795     137.17990112     137.18980408     137.38600159     137.69129944     137.97869873     138.29049683     138.24389648     138.00770569     137.63250732     137.49130249     137.38400269     136.60710144
     136.12080383     134.62559509     133.36459351     133.36459351     133.36459351     133.36459351     134.51319885     134.51319885     134.51319885     134.51319885     135.19920349     134.55969238     135.96989441     136.60029602     136.97419739     137.34770203     137.74980164     138.72479248     140.12539673     140.49409485
     140.45129395     140.78649902     140.90499878     141.25680542     135.56489563     135.58749390     135.59179688     135.66119385     135.66119385     135.66119385     135.66119385     136.57949829     137.35929871     137.57640076     137.68629456     138.11140442     138.22200012     138.40559387     138.54919434     138.25210571
     138.10830688     137.98249817     137.99330139     137.74380493     137.46519470     137.16900635     135.72569275     134.58709717     134.58709717     134.58709717     134.58709717     134.10130310     134.10130310     134.10130310     134.10130310     133.99609375     133.99609375     133.99609375     133.99609375     135.10580444
     135.10580444     135.10580444     135.10580444     136.64109802     137.15409851     137.48129272     138.04939270     139.28359985     140.12040710     140.20010376     140.50700378     140.86610413     141.06559753     141.30619812     141.23120117     141.94110107     142.21980286     142.50979614     142.82650757     143.24110413
     143.60389709     143.74330139     143.77470398     143.73060608     143.86790466     144.00379944     144.44180298     144.53970337     144.74270630     145.08900452     145.94689941     146.98170471     147.73910522     148.35029602     148.93859863     149.14720154     149.16580200     149.30560303     149.59359741     148.46490479
     148.36320496     148.46949768     148.55960083     148.62500000     150.81050110     152.11509705     151.82049561     152.11689758     152.08590698     151.95129395     135.53720093     135.48210144     135.56550598     135.56550598     135.56550598     135.56550598     135.59489441     135.59489441     135.59489441     135.59489441
     135.59489441     135.59489441     135.59489441     135.56019592     136.59170532     137.84750366     137.96809387     138.19430542     138.33630371     138.41239929     138.62399292     138.57670593     138.52420044     138.65409851     138.83239746     138.79899597     138.10049438     137.78230286     137.68260193     136.75520325
     136.37950134     135.16889954     134.19259644     134.19259644     134.19259644     134.19259644     134.22810364     134.22810364     134.22810364     134.22810364     134.87229919     134.87229919     134.87229919     134.87229919     136.07350159     137.86000061     139.11970520     139.68069458     139.56300354     140.05760193
     140.91229248     141.15899658     141.08639526     141.73739624     142.28590393     142.63769531     142.86889648     143.08270264     143.33419800     143.42230225     143.55769348     143.89830017     144.25160217     144.65589905     144.99110413     145.39120483     145.93249512     146.55700684     147.07980347     147.34140015
     147.66610718     148.24789429     149.21200562     149.14030457     149.17539978     149.21209717     149.58309937     149.26660156     148.32870483     148.41009521     148.52690125     148.62429810     149.23579407     151.29910278     152.44900513     151.95970154     151.90069580     151.94140625     152.12399292     152.18969727
     135.55389404     135.52290344     135.45089722     135.50309753     135.44149780     135.45649719     136.54310608     138.05009460     138.24139404     138.42669678     138.63490295     138.76269531     138.81880188     138.83729553     138.96659851     138.96719360     138.99650574     138.80029297     138.37219238     138.02239990
     137.52699280     137.15539551     136.99150085     136.46789551     135.14739990     133.99099731     133.99099731     133.99099731     133.99099731     134.06250000     136.46580505     138.59469604     138.95309448     139.00720215     140.36920166     141.03930664     140.81469727     141.01930237     141.35949707     141.65080261
     142.41720581     142.96580505     143.51669312     144.02879333     144.41830444     144.72479248     144.99409485     145.25309753     145.58929443     145.88180542     146.23399353     146.57020569     146.90069580     147.26150513     147.57029724     147.88349915     148.17390442     149.04299927     149.14520264     149.22720337
     149.51249695     149.85440063     148.60890198     148.31579590     148.39729309     148.52189636     148.73579407     150.55000305     152.37179565     152.48800659     151.98129272     151.76330566     151.83810425     152.04640198     152.19309998     152.30349731     135.52969360     135.57560730     135.54089355     135.54280090
     135.47360229     135.40550232     135.45739746     136.64619446     138.23309326     138.39169312     138.83529663     138.89810181     138.89190674     138.95919800     139.15669250     139.28660583     139.27529907     139.04769897     138.80619812     138.59219360     138.00469971     137.81809998     137.73950195     137.91020203
     137.27900696     135.84770203     135.84770203     135.84770203     135.84770203     134.05099487     134.05099487     134.05099487     134.05099487     134.67590332     137.46980286     138.08259583     139.72290039     140.88780212     140.83770752     139.67269897     140.13760376     140.90280151     141.49209595     142.30360413
     142.84010315     143.61360168     144.34449768     144.73399353     145.02380371     145.21740723     145.42790222     145.72050476     145.99169922     146.29609680     146.68440247     147.03419495     147.39759827     147.74220276     148.06930542     148.31829834     148.65609741     148.88479614     149.31370544     149.65750122
     149.56080627     148.28790283     148.33979797     148.45849609     148.54690552     148.99409485     151.65849304     152.48530579     152.31520081     151.83479309     151.81050110     151.91349792     152.19479370     152.23590088     152.35200500     152.86309814     135.52029419     135.54139709     135.56300354     135.49630737
     135.55070496     135.47830200     135.39930725     135.44119263     136.49909973     138.24349976     138.80020142     138.99879456     138.97560120     139.03959656     139.18409729     139.44119263     139.42689514     139.21519470     139.03739929     139.15109253     138.76519775     138.24319458     137.99920654     138.37719727
     138.49800110     138.13470459     136.29220581     136.29220581     136.29220581     136.29220581     134.00599670     134.00599670     134.00599670     134.00599670     135.90350342     138.53010559     140.65139771     140.81759644     138.75360107     138.00280762     140.07369995     140.80610657     141.95170593     142.21839905
     142.81100464     143.56979370     144.27360535     144.81930542     145.05079651     145.28610229     145.50689697     145.78419495     146.04280090     146.35920715     146.69439697     147.05780029     147.42610168     147.78160095     148.13780212     148.44889832     148.74259949     149.15550232     149.45300293     149.81179810
     148.77220154     148.30549622     148.39370728     148.49560547     148.60409546     150.14900208     152.06869507     152.19070435     151.95869446     151.74920654     151.78759766     151.81779480     152.16949463     152.55769348     152.79130554     153.60069275     153.86970520     135.47720337     135.51370239     135.53689575
     135.54539490     135.51919556     135.50399780     135.45959473     135.42970276     135.49789429     136.35209656     138.01049805     138.56759644     138.73939514     138.90580750     139.36999512     139.75100708     139.67250061     139.60069275     139.48449707     139.37089539     139.32919312     138.57200623     138.77180481
     138.53790283     138.75720215     138.89050293     138.29840088     135.46099854     135.46099854     135.46099854     135.46099854     134.89880371     134.89880371     134.89880371     134.89880371     136.21690369     138.71499634     138.76229858     136.43930054     139.08650208     140.36529541     140.82530212     142.02229309
     142.17550659     142.82659912     143.62319946     144.39329529     144.80630493     145.06050110     145.18220520     145.54719543     145.81010437     146.14129639     146.43159485     146.68099976     147.03950500     147.47369385     147.81880188     148.16929626     148.47999573     148.90109253     149.27279663     149.62489319
     149.68910217     148.30259705     148.35240173     148.45939636     148.52529907     148.72830200     150.81739807     151.91900635     151.91960144     151.73620605     151.72610474     151.76649475     152.08000183     152.35440063     152.95640564     153.45559692     153.73910522     153.81840515     154.11940002     135.33039856
     135.48809814     135.50129700     135.46200562     135.63429260     135.58430481     135.53320312     135.53660583     135.57200623     135.62969971     136.20710754     137.92160034     138.57949829     139.22659302     139.79319763     139.90409851     139.93859863     139.91999817     139.80020142     139.62229919     139.59669495
     139.51989746     138.87080383     139.21980286     139.04350281     139.05650330     139.26969910     138.50590515     135.76579285     135.76579285     135.76579285     135.76579285     134.10159302     134.10159302     134.10159302     134.10159302     135.65620422     136.00169373     135.06950378     138.57069397     140.56480408
     141.46310425     141.99380493     142.30209351     143.13549805     144.07510376     144.65609741     144.92750549     145.15020752     145.26930237     145.62770081     145.87040710     146.15089417     146.46569824     146.80189514     147.11650085     147.43640137     147.81579590     148.13749695     148.57789612     149.02859497
     149.46820068     149.90159607     149.01269531     148.29960632     148.40840149     148.49339294     148.56370544     149.30940247     151.30929565     151.49060059     151.56979370     151.63169861     151.70849609     151.90249634     152.21049500     152.46260071     152.99049377     153.61169434     153.81610107     153.85920715
     154.72689819     155.22500610     135.44709778     135.55029297     134.93020630     135.00039673     135.66229248     135.60639954     135.62210083     135.65759277     135.59559631     135.53869629     135.52969360     137.01669312     138.85870361     139.43099976     139.88600159     140.03390503     140.20869446     140.20590210
     140.04829407     139.90299988     139.83149719     139.83770752     139.84019470     139.22509766     139.54119873     139.65240479     139.40849304     140.05490112     137.92539978     134.33790588     134.33790588     134.33790588     134.33790588     134.89619446     134.89619446     134.89619446     134.89619446     134.85870361
     134.24870300     135.73429871     139.48039246     141.19119263     142.02999878     142.72999573     143.58680725     144.22019958     144.89320374     145.10699463     145.14970398     145.27780151     145.59809875     145.90089417     146.25830078     146.53759766     146.75520325     147.06809998     147.42570496     147.81140137
     148.26409912     148.68719482     149.14300537     149.60719299     149.78999329     148.27510071     148.35989380     148.47059631     148.51620483     148.63999939     150.41589355     151.43359375     151.54499817     151.54100037     151.53630066     151.69749451     152.37019348     152.69309998     152.73750305     153.15859985
     153.77920532     154.05070496     154.08889771     154.08889771     154.08889771     154.08889771     154.95109558     155.63240051     135.65679932     135.59710693     135.50869751     135.56379700     135.68859863     135.70889282     135.69209290     135.67489624     135.60969543     135.55509949     135.61979675     135.59150696
     137.63389587     139.36059570     139.82699585     140.18980408     140.34280396     140.34930420     140.29420471     140.14059448     140.12049866     140.04840088     140.20869446     140.34370422     140.00070190     139.89259338     140.28720093     140.49760437     139.59550476     135.51989746     134.15029907     134.15029907
     134.15029907     134.15029907     134.15029907     134.15029907     134.15029907     134.27470398     134.27470398     134.27470398     134.27470398     134.21249390     134.50309753     134.50309753     134.50309753     134.50309753     137.28089905     140.78309631     142.06689453     142.75979614     143.27130127     143.98030090
     144.85369873     144.51829529     145.27189636     145.23170471     145.41690063     145.72479248     146.11030579     146.41690063     146.72740173     147.10580444     147.38529968     147.75349426     148.22200012     148.85629272     149.33039856     149.77909851     149.03269958     148.28649902     148.38330078     148.49659729
     148.59219360     149.05230713     151.21899414     151.38000488     151.47380066     151.46620178     151.47009277     151.69990540     152.37150574     152.92539978     153.22689819     153.26390076     154.26429749     154.36259460     154.36259460     154.36259460     154.36259460     154.44500732     154.44500732     154.44500732
     154.44500732     154.44500732     154.44500732     154.44500732     154.95719910     155.20100403     135.66419983     135.76220703     135.74310303     135.85450745     135.80220032     135.74479675     135.70829773     135.70219421     135.63319397     135.65229797     135.62280273     135.66979980     135.85209656     138.62649536
     139.66009521     140.06599426     140.27040100     140.41529846     140.50390625     140.43420410     140.40490723     140.45419312     140.52670288     140.73289490     140.88279724     140.10319519     140.33639526     140.48280334     139.80090332     136.92179871     134.63479614     134.63479614     134.63479614     134.63479614
     134.24949646     134.24949646     134.24949646     134.24949646     134.34790039     134.47009277     134.47009277     134.47009277     134.47009277     134.47009277     134.47009277     134.47009277     136.46400452     136.46400452     136.46400452     136.46400452     140.18969727     142.09599304     142.59269714     142.86680603
     143.26210022     143.85719299     143.79069519     144.73440552     144.93629456     145.42739868     145.86070251     146.14770508     146.40220642     146.75990295     146.97920227     147.25810242     147.62440491     148.17959595     148.73480225     149.23510742     149.71820068     148.50689697     148.32130432     148.42869568
     148.51660156     148.60940552     150.17599487     151.36270142     151.39379883     151.56280518     151.23289490     151.33120728     151.70570374     152.20300293     152.69689941     153.16729736     153.29859924     154.56649780     154.75329590     154.76969910     155.01010132     155.13729858     135.71850586     135.75570679
     135.72529602     135.87409973     135.74270630     135.67550659     135.69290161     135.67720032     135.65589905     135.61399841     135.56190491     135.59660339     135.71560669     136.51060486     139.11010742     139.94079590     140.25289917     140.43460083     140.73260498     140.81140137     140.88119507     141.08200073
     141.14100647     141.36230469     140.75549316     139.93130493     140.25210571     140.74290466     141.43029785     141.04780579     137.02720642     134.27729797     134.27729797     134.27729797     134.27729797     134.58560181     134.57670593     134.57670593     134.57670593     134.57670593     134.57670593     134.57670593
     134.57670593     134.57670593     134.57670593     134.57670593     134.95869446     134.95869446     134.95869446     134.95869446     137.63980103     137.63980103     137.63980103     137.63980103     141.15530396     142.29229736     142.46879578     142.56430054     142.83959961     143.59840393     143.85639954     144.27409363
     145.04879761     145.64239502     146.08940125     146.46389771     146.60729980     146.80859375     147.01310730     147.37980652     147.90020752     148.56080627     149.26629639     149.56619263     148.29179382     148.35969543     148.46510315     148.51800537     148.97039795     151.11860657     151.32369995     151.32060242
     151.32060242     151.32060242     151.32060242     151.30819702     150.84599304     151.03700256     151.59179688     151.59179688     151.59179688     151.59179688     151.59179688     151.59179688     151.59179688     152.06849670     152.06849670     152.06849670     152.06849670     152.51049805     152.96459961     153.09010315
     154.32870483     155.07060242     155.04879761     155.04859924     155.93209839     135.73410034     135.63369751     135.70689392     135.83329773     135.75289917     135.51699829     135.52239990     135.63360596     135.60780334     135.55509949     135.50190735     135.56289673     135.82049561     135.63409424     137.79589844
     137.79589844     137.79589844     137.79589844     139.45500183     139.94830322     140.24220276     140.69659424     141.01789856     141.22340393     141.38020325     141.72210693     141.32080078     139.58329773     139.96530151     140.57409668     142.66909790     142.63429260     142.94720459     139.77169800     134.99330139
     134.99330139     134.99330139     134.99330139     134.36979675     134.36979675     134.36979675     134.36979675     134.62049866     134.62049866     134.62049866     134.62049866     134.67509460     134.67509460     134.67509460     134.67509460     134.67509460     134.67509460     134.67509460     136.02589417     136.02589417
     136.02589417     136.02589417     136.02589417     136.02589417     136.02589417     140.19110107     140.19110107     140.19110107     140.19110107     141.52870178     141.88940430     141.84509277     142.26759338     142.47320557     142.49670410     143.18730164     143.92260742     144.48829651     145.75610352     146.34140015
     146.62869263     146.77250671     146.90640259     147.26789856     147.81129456     148.51890564     148.51890564     148.51890564     148.51890564     149.19639587     149.10789490     148.28399658     148.41329956     148.50329590     148.59359741     149.59689331     151.32440186     151.05349731     150.55979919     150.55979919
     150.55979919     150.55979919     150.55979919     150.55979919     150.55979919     150.43930054     150.43930054     150.43930054     150.43930054     150.47509766     150.62489319     151.26400757     151.26400757     151.26400757     151.26400757     151.88749695     151.88749695     151.88749695     151.88749695     151.88749695
     151.88749695     151.88749695     152.39489746     152.79949951     152.77439880     153.63169861     155.18940735     155.19760132     155.53900146     156.03050232     135.85150146     135.62199402     135.48480225     135.43330383     135.35470581     135.33560181     135.54190063     135.68130493     135.61720276     135.50939941
     135.44239807     135.57159424     135.68359375     135.62809753     135.62809753     135.62809753     135.62809753     136.14190674     136.14190674     136.14190674     136.14190674     136.14190674     136.14190674     136.14190674     138.07719421     138.93479919     139.57890320     140.20790100     140.70210266     141.15350342
     141.51629639     141.63209534     139.47639465     139.54330444     139.94639587     142.40550232     143.19859314     143.27940369     143.05690002     139.52879333     135.89610291     134.73460388     134.73460388     134.73460388     134.73460388     134.76550293     134.80230713     134.80230713     134.80230713     134.80230713
     134.80230713     134.80230713     134.80230713     135.57929993     135.57929993     135.57929993     135.57929993     138.97419739     138.97419739     138.97419739     138.97419739     138.97419739     138.97419739     138.97419739     140.38769531     139.58799744     137.86489868     138.92070007     139.91870117     141.19859314
     142.51310730     142.50889587     142.84159851     143.65089417     145.80979919     146.28750610     146.62699890     146.84429932     147.13209534     147.66870117     147.66870117     147.66870117     147.66870117     148.46189880     148.46189880     148.46189880     148.46189880     148.46189880     148.46189880     148.46189880
     148.95899963     148.95899963     148.95899963     148.95899963     148.95899963     148.95899963     148.95899963     148.54510498     148.31649780     148.45629883     148.54249573     148.72959900     148.83020020     149.70150757     149.89289856     149.67219543     149.95919800     150.13740540     150.13740540     150.13740540
     150.13740540     150.13740540     150.13740540     150.13740540     150.39840698     150.39840698     150.39840698     150.39840698     150.95930481     150.95930481     150.95930481     150.95930481     150.95930481     150.95930481     150.95930481     151.60330200     151.60330200     151.60330200     151.60330200     152.24209595
     152.63909912     152.79760742     153.39619446     154.91270447     155.07249451     155.36599731     155.72850037     135.74719238     135.50090027     135.39869690     135.39399719     135.45379639     135.67730713     135.74719238     135.66490173     135.55920410     135.37590027     135.35090637     135.52349854     135.58709717
     135.48980713     136.83380127     137.92770386     138.70610046     139.32299805     140.13909912     140.78529358     141.15609741     139.46769714     139.04589844     139.42120361     141.59069824     143.02259827     143.42579651     143.38679504     143.13009644     139.59579468     135.33779907     134.70159912     134.70159912
     134.70159912     134.70159912     134.82229614     134.95730591     134.95730591     134.95730591     134.95730591     134.95730591     134.95730591     134.95730591     135.34080505     135.34080505     135.34080505     135.34080505     136.79879761     137.05039978     135.70239258     135.31509399     135.43350220     135.87969971
     136.95759583     140.07640076     140.85749817     139.80909729     140.70539856     143.83050537     145.87959290     146.38630676     146.71989441     147.07980347     147.60450745     148.39830017     149.08720398     149.08720398     149.08720398     149.08720398     148.24960327     148.37019348     148.46209717     149.05690002
     149.43130493     149.17950439     149.15759277     149.29400635     149.29400635     149.29400635     149.29400635     149.29400635     149.29400635     149.29400635     149.48440552     149.48440552     149.48440552     149.48440552     149.64100647     149.64100647     149.64100647     149.64100647     150.22279358     150.22279358
     150.22279358     150.22279358     150.22279358     150.22279358     150.22279358     150.22279358     150.22279358     150.22279358     150.22279358     150.22279358     150.22279358     150.51499939     150.51499939     150.51499939     150.51499939     150.51499939     150.51499939     150.51499939     150.97709656     150.97709656
     150.97709656     150.97709656     151.68750000     152.38279724     152.38279724     152.38279724     152.38279724     152.38279724     152.38279724     152.38279724     152.42129517     152.42129517     152.42129517     152.42129517     152.77769470     153.64509583     154.55400085     154.78930664     155.19270325     155.53149414
     135.60870361     135.47869873     135.50129700     135.75750732     135.71150208     135.70230103     135.65859985     135.43670654     135.40469360     135.13310242     135.39559937     135.53939819     135.68519592     135.60839844     136.73939514     137.69129944     138.61680603     139.22540283     140.12570190     139.22430420
     138.52529907     138.96139526     140.42869568     142.25349426     142.67660522     143.17619324     143.34129333     143.11210632     138.37219238     134.82240295     134.82240295     134.82240295     134.82240295     134.76390076     134.76390076     134.76390076     134.76390076     134.79139709     134.94500732     134.98599243
     134.98599243     134.98599243     134.98599243     135.06449890     135.06449890     135.06449890     135.06449890     135.06449890     135.06449890     135.06449890     135.08039856     135.51600647     135.53570557     135.61289978     135.80430603     135.75999451     136.05059814     136.05059814     136.05059814     136.05059814
     136.52330017     136.52330017     136.52330017     136.52330017     137.14360046     137.14360046     137.14360046     137.14360046     138.62809753     141.82569885     145.18879700     146.25419617     146.63299561     146.98590088     147.51750183     148.23559570     148.81159973     148.29699707     148.41810608     148.52310181
     149.56269836     149.46229553     149.13619995     149.15739441     149.22790527     149.22790527     149.22790527     149.22790527     149.22790527     149.22790527     149.22790527     149.17939758     149.17939758     149.17939758     149.17939758     149.66090393     149.66090393     149.66090393     149.66090393     149.66090393
     149.66090393     149.66090393     150.31449890     150.31449890     150.31449890     150.31449890     150.31449890     150.31449890     150.31449890     150.31449890     150.31449890     150.31449890     150.47250366     150.47250366     150.47250366     150.47250366     150.47250366     150.47250366     150.47250366     150.47250366
     150.47250366     150.47250366     150.47250366     150.47250366     150.47250366     150.91769409     150.91769409     150.91769409     150.91769409     150.91769409     150.91769409     150.91769409     151.62669373     152.13340759     152.13340759     152.13340759     152.13340759     152.30949402     153.30749512     154.01100159
     154.17829895     155.01759338     156.16409302     156.20140076     135.59190369     135.56709290     135.79730225     135.81579590     135.58430481     135.38270569     135.33479309     135.23359680     135.25469971     135.27639771     135.64920044     135.78230286     135.78120422     135.63670349     136.31829834     137.41110229
     138.42810059     138.49400330     138.04550171     138.46809387     139.32789612     140.98629761     141.65600586     142.16769409     142.81080627     143.26469421     143.37519836     140.61900330     136.42070007     136.42070007     136.42070007     136.42070007     134.80279541     134.80279541     134.80279541     134.80279541
     134.80520630     134.80520630     134.80520630     134.80520630     134.89759827     134.84919739     135.02960205     135.02960205     135.02960205     135.02960205     134.94360352     135.12849426     135.19099426     135.28709412     135.28709412     135.28709412     135.28709412     135.33819580     135.36320496     135.36320496
     135.36320496     135.36320496     135.37440491     135.37440491     135.37440491     135.37440491     135.28030396     135.28030396     135.28030396     135.28030396     135.77400208     135.77400208     135.77400208     135.77400208     135.77400208     135.77400208     135.77400208     137.69970703     141.29769897     144.77409363
     146.09069824     146.61470032     147.07899475     147.40359497     147.40359497     147.40359497     147.40359497     148.09849548     148.09849548     148.09849548     148.09849548     148.09849548     148.09849548     148.09849548     148.28349304     148.32119751     148.42909241     148.53480530     149.47630310     149.30059814
     149.01849365     149.11830139     149.11500549     149.11500549     149.11500549     149.11500549     149.00689697     149.68739319     149.68739319     149.68739319     149.68739319     149.68739319     149.68739319     149.68739319     150.22009277     150.22009277     150.22009277     150.22009277     150.22009277     150.22009277
     150.22009277     150.45489502     150.45489502     150.45489502     150.45489502     150.59049988     150.90350342     151.73719788     152.72889709     153.40960693     153.44250488     154.09500122     155.03869629     155.71449280     156.18280029     135.63330078     135.61869812     135.48280334     135.41360474     135.41780090
     135.40080261     135.45590210     135.61270142     135.73229980     135.75849915     135.82339478     135.89660645     135.62649536     135.67379761     136.23989868     137.28640747     137.56210327     137.98330688     138.23120117     139.13560486     139.93890381     140.83580017     141.57809448     142.45579529     143.32479858
     143.82099915     143.63760376     141.59620667     137.84800720     135.53190613     135.53190613     135.53190613     135.53190613     134.97419739     134.97419739     134.97419739     134.97419739     134.92860413     134.92860413     134.92860413     134.92860413     134.98210144     134.98210144     134.98210144     134.98210144
     135.06579590     135.06579590     135.06579590     135.06579590     135.08959961     135.08959961     135.08959961     135.08959961     135.26049805     135.26049805     135.26049805     135.26049805     135.06250000     135.06250000     135.06250000     135.06250000     135.06250000     135.06250000     135.06250000     135.08689880
     135.08689880     135.08689880     135.08689880     135.37579346     135.37579346     135.37579346     135.37579346     135.31970215     135.31970215     135.31970215     135.31970215     135.47709656     135.47709656     135.47709656     135.47709656     135.79539490     135.79539490     135.79539490     135.79539490     137.43559265
     141.30529785     143.91720581     146.03399658     146.62300110     147.06840515     147.26510620     148.22430420     148.22430420     148.22430420     148.22430420     148.26719666     148.32090759     148.44270325     148.57310486     148.84440613     149.00999451     148.97489929     149.05200195     148.97360229     148.97360229
     148.97360229     148.97360229     148.97360229     148.97360229     148.97360229     148.88369751     148.88369751     148.88369751     148.88369751     149.86810303     149.86810303     149.86810303     149.86810303     149.86810303     149.86810303     149.86810303     150.32110596     150.32110596     150.32110596     150.32110596
     150.32839966     150.32839966     150.32839966     150.32839966     150.32839966     150.32839966     150.32839966     150.56359863     150.56359863     150.56359863     150.56359863     151.08990479     152.29589844     152.77830505     152.75579834     153.72459412     154.72790527     155.77169800     157.20069885     156.94059753
     135.59719849     135.46449280     135.33349609     135.48980713     135.68800354     135.82780457     135.88510132     135.90699768     135.92559814     135.95959473     135.96130371     136.13479614     135.56350708     136.23539734     137.01969910     137.50830078     137.37040710     137.26950073     138.00379944     139.10969543
     140.07470703     140.94299316     142.10809326     143.25759888     143.76840210     144.44740295     145.22999573     143.83799744     141.61770630     138.48159790     136.38000488     135.68730164     136.54559326     137.12460327     137.70860291     138.09539795     136.55140686     135.66690063     135.77349854     135.77349854
     135.77349854     135.77349854     135.46040344     135.46040344     135.46040344     135.46040344     135.64999390     135.64999390     135.64999390     135.64999390     136.84800720     136.84800720     136.84800720     136.84800720     139.74969482     142.21690369     145.01820374     146.38310242     146.77850342     146.95849609
     146.95849609     146.95849609     146.95849609     146.95849609     146.95849609     146.95849609     147.93859863     147.93859863     147.93859863     147.93859863     148.23550415     148.37969971     148.49600220     148.65350342     148.92329407     148.87710571     148.95820618     148.95530701     148.80329895     148.80329895
     148.80329895     148.80329895     149.09880066     150.51359558     150.51359558     150.51359558     150.51359558     150.67109680     150.35180664     150.79209900     151.94329834     152.19360352     152.12919617     152.51119995     154.54769897     155.21839905     155.66329956     157.77699280     158.38969421     135.59089661
     135.55149841     135.83299255     135.95210266     136.10279846     136.14570618     136.02639771     136.02330017     136.10989380     136.11230469     136.08839417     136.20419312     136.66690063     137.03210449     136.76809692     136.41169739     136.57440186     137.21569824     138.21159363     139.42309570     140.42660522
     141.48170471     142.13769531     143.47610474     144.58580017     145.64559937     145.91479492     145.47009277     144.38609314     142.02679443     140.50180054     141.50990295     141.85200500     141.62049866     141.44909668     141.44909668     141.44909668     141.44909668     139.69279480     138.81179810     136.76960754
     135.95460510     135.86500549     135.86500549     135.86500549     135.86500549     135.86380005     135.86380005     135.86380005     135.86380005     138.09289551     140.11720276     142.60769653     145.25280762     146.06260681     146.38529968     146.38529968     146.38529968     146.38529968     147.97129822     148.33590698
     148.43260193     148.51240540     148.55889893     148.79730225     148.82530212     148.99099731     148.91720581     148.80169678     150.22059631     151.01519775     151.33000183     151.64230347     151.64169312     151.67260742     151.63760376     152.14920044     152.49200439     154.89149475     155.21260071     155.27769470
     156.64579773     158.06629944     135.80009460     136.04460144     136.17759705     136.19639587     136.17269897     136.15370178     136.10679626     136.16659546     136.18339539     136.16940308     136.43280029     136.59579468     136.40960693     136.40649414     136.33619690     136.35169983     136.86700439     137.63139343
     138.68840027     139.93310547     141.04479980     141.95179749     142.84700012     144.49899292     145.55769348     145.94960022     146.00309753     145.51280212     144.18170166     142.81340027     142.88360596     142.88409424     142.73440552     142.73440552     142.73440552     142.73440552     142.72810364     142.72810364
     142.72810364     142.72810364     142.72810364     142.72810364     142.72810364     141.62350464     139.92280579     136.78109741     135.90310669     135.90310669     135.90310669     135.90310669     136.35350037     136.35350037     136.35350037     136.35350037     137.00650024     137.84379578     139.00340271     140.66619873
     142.82960510     144.85920715     145.89019775     148.25920105     148.25920105     148.25920105     148.25920105     148.39819336     148.48579407     148.59750366     148.62229919     148.77499390     148.90260315     148.90269470     148.77180481     149.31910706     151.02250671     151.28309631     151.55940247     151.60809326
     151.12440491     151.00349426     152.36990356     153.06590271     153.71699524     155.05630493     155.21539307     155.40490723     155.32470703     156.73609924     136.22039795     136.25570679     136.23739624     136.26629639     136.24589539     136.15899658     136.13360596     136.10130310     136.30340576     136.30169678
     136.39340210     136.47050476     136.44450378     136.46350098     136.66720581     136.74040222     137.20550537     138.06550598     139.31880188     140.51890564     141.84849548     143.06889343     144.70640564     145.66380310     146.01370239     146.05119324     145.96699524     145.56109619     144.53329468     143.98820496
     143.80920410     143.97920227     143.95150757     142.18229675     139.11300659     136.72889709     136.01770020     136.01770020     136.01770020     136.01770020     136.96530151     136.96530151     136.96530151     136.96530151     137.54429626     138.06520081     138.91949463     139.77180481     140.93319702     144.29359436
     145.97140503     145.97140503     145.97140503     145.97140503     148.36289978     148.36289978     148.36289978     148.36289978     148.36289978     148.36289978     148.36289978     148.41400146     148.53179932     148.61689758     148.60809326     148.77130127     148.98429871     148.94369507     148.83050537     150.54620361
     150.94259644     151.28999329     151.30099487     150.67889404     150.41090393     150.86189270     152.44349670     153.24929810     153.47300720     154.81489563     155.04849243     155.24929810     155.32560730     155.27090454     136.24499512     136.26249695     136.25920105     136.14120483     135.99189758     135.99299622
     136.16270447     136.25270081     136.25270081     136.25270081     136.25270081     136.66220093     136.66220093     136.66220093     136.66220093     136.66220093     136.66220093     136.66220093     136.57220459     136.53390503     136.59269714     136.56069946     136.80009460     136.92829895     137.26660156     137.79949951
     138.47569275     139.79200745     141.20599365     143.19070435     144.65020752     145.62260437     145.90730286     146.10769653     146.08090210     145.82699585     145.23410034     144.81480408     144.52330017     144.53570557     144.34300232     142.23660278     140.06680298     137.78289795     136.96850586     136.96850586
     136.96850586     136.96850586     136.96850586     136.96850586     136.96850586     136.54690552     136.54690552     136.54690552     136.54690552     137.44099426     138.29479980     139.26449585     140.01289368     142.14630127     144.36560059     147.69960022     148.38600159     148.45150757     148.60789490     148.62069702
     148.53689575     148.62629700     148.92990112     149.04249573     149.08430481     149.25599670     150.15699768     151.23289490     150.21760559     149.87069702     149.61669922     148.74769592     151.09919739     152.92610168     153.28729248     153.32569885     154.58700562     155.25500488     155.26480103     155.21589661
     136.15139771     136.01550293     135.83059692     135.87789917     136.00920105     136.16160583     136.80520630     136.82319641     136.82319641     136.82319641     136.82319641     136.53599548     136.49499512     136.85440063     136.97830200     137.07269287     137.40649414     137.68460083     137.91400146     138.40240479
     139.15899658     141.25369263     142.91799927     143.86549377     145.31509399     145.90330505     146.27949524     146.29209900     146.19239807     145.74819946     145.07539368     144.65220642     144.05619812     142.91600037     141.15429688     141.15429688     141.15429688     141.15429688     139.90820312     139.90820312
     139.90820312     139.90820312     139.90820312     139.90820312     139.90820312     138.46879578     137.52859497     137.52859497     137.52859497     137.52859497     136.59289551     136.59289551     136.59289551     136.59289551     137.29429626     138.74899292     139.95719910     141.25230408     143.54890442     145.92979431
     148.34399414     148.41610718     148.52239990     148.61570740     148.56869507     148.50459290     148.49560547     148.56889343     148.73410034     148.85620117     148.90719604     149.06739807     149.47680664     149.35749817     149.16859436     147.32150269     146.49429321     148.49699402     150.61900330     151.07479858
     150.97709656     152.26080322     154.46400452     154.99699402     154.09989929     135.69360352     135.83500671     135.89619446     136.68310547     137.62640381     137.31320190     136.82780457     136.59809875     136.54379272     136.55999756     137.10830688     137.50720215     137.70880127     137.94419861     138.21949768
     138.55880737     139.02560425     140.28480530     142.10369873     143.30169678     144.54679871     145.84649658     146.53759766     146.45449829     146.40350342     145.89930725     144.70010376     143.83880615     143.15820312     142.57209778     142.19659424     141.62530518     141.62530518     141.62530518     141.62530518
     139.60169983     137.04760742     136.37309265     136.37309265     136.37309265     136.37309265     137.21589661     137.21589661     137.21589661     137.21589661     137.21589661     137.21589661     137.21589661     138.81100464     138.81100464     138.81100464     138.81100464     140.47410583     142.19389343     142.19389343
     142.19389343     142.19389343     143.88769531     147.54060364     148.46099854     148.40739441     148.40739441     148.40739441     148.40739441     148.50129700     148.50129700     148.50129700     148.50129700     148.41079712     148.39230347     148.42559814     148.42559814     148.42559814     148.42559814     148.44779968
     148.44779968     148.44779968     148.44779968     148.44779968     148.44779968     148.44779968     148.45150757     148.51829529     148.51829529     148.51829529     148.51829529     148.64030457     148.54840088     148.62429810     148.72259521     148.06309509     146.22340393     143.83999634     144.07749939     146.22740173
     146.53289795     146.43559265     146.54670715     147.46110535     150.35479736     152.56730652     152.91940308     135.82659912     137.45489502     139.90989685     139.16560364     138.43910217     137.56709290     136.94380188     137.04910278     137.07969666     137.33389282     137.75970459     137.99389648     138.29339600
     138.42559814     138.66459656     139.06350708     140.01780701     141.52929688     143.11390686     144.20269775     146.01539612     146.80419922     146.78599548     146.37379456     145.08039856     144.86889648     144.71600342     144.40699768     144.38420105     144.34539795     142.69360352     141.00500488     141.00500488
     141.00500488     141.00500488     138.61140442     136.59370422     136.59370422     136.59370422     136.59370422     136.59370422     136.59370422     136.59370422     137.40490723     137.40490723     137.40490723     137.40490723     137.40490723     137.40490723     137.40490723     138.46110535     138.46110535     138.46110535
     138.46110535     140.05889893     140.05889893     140.05889893     140.05889893     142.48500061     142.48500061     142.48500061     142.48500061     142.48500061     142.48500061     142.48500061     145.60539246     148.30270386     148.35220337     148.35220337     148.35220337     148.35220337     148.35740662     148.35740662
     148.35740662     148.35740662     148.35740662     148.35740662     148.35740662     148.30509949     148.30509949     148.30509949     148.30509949     148.30509949     148.30509949     148.30509949     148.24620056     148.24620056     148.24620056     148.24620056     148.24609375     148.24609375     148.24609375     148.24609375
     148.31930542     148.31930542     148.31930542     148.31930542     148.35789490     148.35789490     148.35789490     148.35789490     148.12399292     147.77299500     147.77299500     147.77299500     147.77299500     147.77299500     147.77299500     147.77299500     147.14469910     147.14469910     147.14469910     147.14469910
     145.38969421     145.38459778     144.62770081     144.62770081     144.62770081     144.62770081     144.33540344     144.33540344     144.33540344     144.33540344     143.82539368     143.82539368     143.82539368     143.82539368     143.28030396     143.28030396     143.28030396     143.28030396     143.08340454     143.08340454
     143.08340454     143.08340454     143.34440613     143.34440613     143.34440613     143.34440613     143.33520508     143.33520508     143.33520508     143.33520508     143.40310669     143.40310669     143.40310669     143.40310669     143.33740234     143.33740234     143.33740234     143.33740234     143.90939331     144.99459839
     148.77119446     151.08279419     140.11860657     140.65899658     140.31739807     139.68330383     139.00570679     137.62579346     137.30929565     137.32389832     137.41319275     137.94410706     138.20010376     138.53660583     138.83279419     139.01150513     139.59210205     140.25720215     141.87530518     143.33799744
     144.64430237     146.41020203     146.55140686     146.59890747     145.84230042     145.82989502     146.29690552     145.89520264     145.27040100     145.35220337     145.51840210     143.05709839     143.05709839     143.05709839     143.05709839     140.94549561     140.94549561     140.94549561     140.94549561     140.94549561
     140.94549561     140.94549561     138.87240601     136.98080444     136.98080444     136.98080444     136.98080444     137.76919556     137.76919556     137.76919556     137.76919556     139.25880432     139.25880432     139.25880432     139.25880432     139.25880432     139.25880432     139.25880432     141.42019653     141.42019653
     141.42019653     141.42019653     143.78450012     147.74989319     148.22999573     148.18499756     148.18499756     148.18499756     148.18499756     148.19909668     148.19909668     148.19909668     148.19909668     148.19909668     148.19909668     148.19909668     148.10800171     148.10800171     148.10800171     148.10800171
     148.10800171     148.10800171     148.10800171     148.10110474     148.10110474     148.10110474     148.10110474     148.10110474     148.10110474     148.10110474     148.10110474     148.10110474     148.10110474     148.13090515     148.13090515     148.13090515     148.13090515     148.13090515     148.13090515     148.13090515
     148.17840576     148.17840576     148.17840576     148.17840576     148.17840576     148.17840576     148.17840576     148.17840576     148.17840576     148.17840576     146.49490356     146.49490356     146.49490356     146.49490356     143.96279907     142.02580261     142.02580261     142.02580261     142.02580261     141.96170044
     141.96170044     141.96170044     141.96170044     142.61860657     142.61860657     142.61860657     142.61860657     143.34599304     143.34599304     143.34599304     143.34599304     144.60110474     144.60110474     144.60110474     144.60110474     145.99040222     146.78759766     146.88450623     144.39849854     143.54949951
     143.13139343     143.13139343     143.13139343     143.13139343     143.36289978     143.36289978     143.36289978     143.36289978     143.35519409     143.35519409     143.35519409     143.35519409     143.47810364     143.47810364     143.47810364     143.47810364     143.60189819     144.93969727     148.11700439     140.99110413
     141.14680481     141.50430298     140.95550537     139.60890198     138.89619446     137.83610535     137.50990295     138.08810425     138.53570557     138.88439941     139.37139893     139.85319519     140.20190430     140.87229919     142.39100647     143.60699463     145.23019409     146.26730347     146.60490417     146.46510315
     146.40049744     146.74670410     146.58869934     146.64579773     146.33290100     146.16580200     144.69580078     141.95089722     138.69360352     136.82279968     136.82279968     136.82279968     136.82279968     136.82279968     136.82279968     136.82279968     136.93260193     136.93260193     136.93260193     136.93260193
     136.93260193     136.93260193     136.93260193     139.22540283     139.22540283     139.22540283     139.22540283     141.17860413     141.17860413     141.17860413     141.17860413     142.80470276     147.14549255     148.09320068     148.12750244     148.07290649     148.07290649     148.07290649     148.07290649     148.07290649
     148.07290649     148.07290649     147.97279358     147.97279358     147.97279358     147.97279358     148.11940002     148.11940002     148.11940002     148.11940002     148.11940002     148.11940002     148.11940002     147.59689331     147.59689331     147.59689331     147.59689331     146.99690247     144.61289978     144.61289978
     144.61289978     144.61289978     141.41059875     141.41059875     141.41059875     141.41059875     140.30250549     140.30250549     140.30250549     140.30250549     141.08160400     141.08160400     141.08160400     141.08160400     143.28590393     144.95410156     146.94349670     148.25149536     150.00270081     151.24420166
     151.07499695     149.60639954     147.44090271     145.56910706     144.51350403     143.53840637     143.36659241     143.36659241     143.36659241     143.36659241     143.51460266     143.51460266     143.51460266     143.51460266     143.50950623     145.28829956     141.78019714     141.85980225     141.62629700     141.08740234
     141.18060303     139.82359314     137.79490662     138.01210022     139.05459595     139.54089355     139.93519592     140.48710632     141.17359924     142.10169983     142.92590332     144.04119873     145.81370544     146.51300049     146.72749329     146.88949585     147.04010010     147.06179810     147.04789734     146.95489502
     146.96919250     145.97349548     143.87469482     140.86560059     137.83749390     137.83749390     137.83749390     137.83749390     137.83749390     137.83749390     137.83749390     136.61059570     136.61059570     136.61059570     136.61059570     136.61059570     136.61059570     136.61059570     136.61059570     136.61059570
     136.61059570     137.04980469     137.04980469     137.04980469     137.04980469     137.04980469     137.04980469     137.04980469     139.94900513     139.94900513     139.94900513     139.94900513     142.37869263     142.37869263     142.37869263     142.37869263     142.37869263     142.37869263     142.37869263     146.29150391
     147.95339966     147.94920349     147.98440552     148.01879883     148.16419983     148.33959961     148.33959961     148.33959961     148.33959961     148.33959961     148.33959961     148.33959961     145.04440308     145.04440308     145.04440308     145.04440308     142.63000488     140.36689758     140.36689758     140.36689758
     140.36689758     139.69099426     139.69099426     139.69099426     139.69099426     140.57299805     143.20869446     146.80059814     148.29139709     148.72979736     150.56979370     152.63980103     153.21859741     152.83099365     151.90469360     150.67480469     148.90029907     146.75010681     143.90400696     143.28059387
     143.47799683     143.47799683     143.47799683     143.47799683     143.45289612     143.45289612     143.45289612     143.45289612     143.83650208     143.83650208     142.19529724     142.35060120     142.30130005     141.87669373     140.99310303     139.32009888     137.96800232     139.63720703     140.39689636     140.82409668
     141.69819641     142.63659668     143.06239319     144.09660339     145.53849792     146.43139648     146.83090210     146.99769592     147.30050659     147.46090698     147.54040527     147.58200073     147.55479431     147.37030029     146.93760681     143.28210449     139.28520203     137.35769653     137.35769653     137.35769653
     137.35769653     136.63429260     136.63429260     136.63429260     136.63429260     137.46170044     137.46170044     137.46170044     137.46170044     141.04600525     146.33779907     147.82179260     147.83909607     147.96369934     148.05189514     147.99670410     147.13540649     143.25050354     140.71870422     139.69749451
     139.26829529     139.26829529     139.26829529     139.26829529     139.79479980     142.73689270     146.15490723     148.26980591     148.65829468     150.14790344     153.34359741     155.95210266     156.47630310     154.92100525     154.34419250     153.75289917     151.64280701     149.98170471     147.55630493     145.15950012
     143.69659424     143.62359619     143.69650269     142.69769287     142.50140381     141.43930054     140.71510315     140.17430115     138.29280090     140.44119263     141.73410034     142.16349792     142.77699280     143.60650635     144.05310059     144.84429932     146.12500000     146.85060120     147.03129578     147.30830383
     147.68200684     147.99479675     148.18989563     148.22639465     148.21260071     148.08020020     147.50410461     144.06930542     139.16140747     137.77499390     137.11599731     137.25630188     137.25630188     137.25630188     137.25630188     142.26860046     147.50559998     147.70660400     147.76719666     147.80140686
     146.85209656     144.58619690     141.83810425     139.63259888     138.97279358     138.95899963     138.95899963     138.95899963     138.95899963     139.09390259     139.09390259     139.09390259     139.09390259     141.75199890     145.62849426     148.34120178     148.75070190     149.57919312     151.72880554     155.13310242
     157.95930481     158.12289429     156.53179932     155.21389771     154.52609253     153.84460449     152.72880554     150.94320679     149.70660400     146.81359863     144.54539490     143.91999817     142.38769531     141.44000244     140.80859375     139.10729980     139.65859985     141.46560669     143.13250732     143.61099243
     143.73199463     144.30020142     144.97419739     145.84719849     146.70159912     147.03900146     147.34080505     147.72819519     148.13009644     148.48939514     148.96279907     148.82899475     148.68350220     148.39489746     147.83299255     144.23469543     139.33830261     138.44639587     137.41670227     137.37500000
     137.37500000     137.37500000     137.37500000     138.30639648     138.30639648     138.30639648     138.30639648     147.06539917     147.65440369     146.88969421     144.02999878     141.55409241     140.17939758     140.17939758     140.17939758     140.17939758     138.84240723     138.84240723     138.84240723     138.84240723
     138.39939880     138.39939880     138.39939880     138.39939880     138.68629456     138.68629456     138.68629456     138.68629456     138.99650574     138.99650574     138.99650574     138.99650574     141.58650208     145.68359375     148.41200256     148.87390137     149.35920715     151.08239746     152.40750122     154.30189514
     155.83760071     156.91189575     156.59129333     155.53109741     154.87550354     154.02990723     153.61219788     152.80000305     151.89489746     150.94560242     148.68780518     145.40820312     140.76019287     140.67840576     140.36430359     140.83830261     141.79699707     143.26860046     144.04010010     144.75349426
     145.25529480     145.92799377     146.47349548     146.89370728     147.33909607     147.80119324     148.33670044     148.64019775     148.85420227     149.24189758     149.36889648     149.08360291     148.68829346     148.21170044     144.75549316     141.32679749     139.35629272     137.66549683     137.89559937     138.08779907
     138.08779907     138.08779907     138.08779907     139.62409973     139.62409973     139.62409973     139.62409973     142.99600220     141.30320740     139.12179565     139.12179565     139.12179565     139.12179565     138.67689514     138.67689514     138.67689514     138.67689514     138.58020020     138.58020020     138.58020020
     138.58020020     138.66929626     138.77239990     139.15669250     142.29229736     146.32859802     148.62049866     149.08349609     149.39410400     150.02389526     151.45269775     152.52009583     153.39469910     154.69610596     155.30340576     155.74600220     155.97940063     155.30209351     154.58489990     154.02740479
     153.54440308     153.02409363     152.24240112     140.80450439     142.22479248     142.37130737     143.03729248     144.21569824     144.93820190     145.45860291     146.00059509     146.40170288     146.65809631     147.25320435     147.72880554     148.22059631     148.76910400     149.18609619     149.29550171     149.35099792
     149.30209351     149.18690491     148.95429993     148.29490662     146.97160339     142.81860352     139.24830627     138.62260437     138.84120178     138.96130371     139.28259277     139.28259277     139.28259277     139.28259277     138.38110352     138.38110352     138.38110352     138.38110352     138.65960693     138.65960693
     138.65960693     138.65960693     140.00849915     140.00849915     140.00849915     140.00849915     139.92799377     139.47340393     139.64970398     140.46919250     143.72700500     147.24499512     148.77890015     149.23269653     149.50729370     149.78419495     151.15840149     151.88850403     152.52619934     153.46119690
     154.62699890     155.10789490     155.80290222     156.92399597     156.92480469     155.67239380     155.22300720     154.98539734     142.54739380     143.39340210     143.94869995     144.81570435     145.48530579     146.20230103     146.55909729     146.78080750     146.97709656     147.34820557     147.95269775     148.78450012
     149.48789978     149.50799561     149.62390137     149.60240173     149.46150208     149.30960083     149.24499512     147.99690247     147.22070312     144.67619324     141.46820068     140.76539612     140.72070312     140.98249817     140.13960266     141.43350220     143.87710571     144.87959290     142.27870178     142.02340698
     142.81219482     146.12930298     148.38760376     149.04049683     149.36099243     149.48159790     149.67199707     150.14320374     151.66760254     152.42640686     152.63999939     153.89280701     155.26660156     155.47390747     156.18179321     157.15170288     157.07730103     156.18330383     144.67930603     144.67520142
     144.91430664     145.52830505     146.47189331     146.89830017     147.24270630     147.35400391     147.72749329     148.42260742     149.24279785     149.65010071     149.66229248     149.81950378     149.85949707     149.60450745     149.06460571     147.53669739     146.71139526     146.89109802     147.24949646     145.93200684
     143.60789490     141.95640564     141.02319336     142.35409546     144.97329712     147.10279846     147.70300293     146.58729553     146.81900024     148.19909668     148.96380615     149.15570068     149.50169373     149.61019897     149.66949463     150.01370239     150.08549500     151.05099487     152.08099365     153.02279663
     154.72909546     156.53010559     156.31460571     156.25230408     156.87570190     144.98849487     145.47090149     146.35740662     146.87289429     147.30439758     147.54400635     147.80999756     148.43119812     148.99530029     149.40080261     149.39129639     148.87219238     148.17919922     147.21760559     146.51260376
     146.51660156     146.71769714     147.74769592     148.45620728     148.32650757     146.81430054     145.85229492     144.42419434     143.13319397     144.84640503     146.67349243     148.00869751     148.41079712     148.74549866     148.94679260     149.16729736     149.41780090     149.46539307     149.52239990     149.52400208
     150.05290222     150.47650146     150.81649780     151.36709595     152.34919739     153.47459412     155.01029968     156.15719604     145.95170593     146.30850220     146.49780273     146.69830322     147.04249573     146.79339600     146.98750305     146.93940735     146.54379272     145.95680237     145.71620178     145.97009277
     146.36900330     147.12159729     148.32919312     149.47990417     149.85090637     149.79170227     149.28610229     148.65620422     148.43949890     148.47230530     148.69960022     148.90550232     148.88879395     148.90919495     149.00070190     149.16299438     149.43159485     149.81329346     150.60119629     150.50970459
     150.11889648     150.19689941     150.45010376     150.70039368     144.57699585     144.55409241     144.79769897     145.01089478     145.29969788     145.70399475     146.07710266     146.56990051     147.09120178     147.30299377     147.97900391     149.13220215     150.18580627     150.61839294     150.58619690     150.53370667
     148.59950256     148.77529907     149.00619507     149.26829529     149.46270752     149.64889526     149.89100647     150.14889526     150.56379700     151.05880737     151.04849243     151.13380432     151.16299438     149.81059265     150.07369995     150.31300354     150.55090332     150.74929810     150.92970276     151.09919739
     151.28149414     151.41000366     151.48860168
