   86.400010764    
   86.399983720    
   86.400041262    
   86.399988160    
   86.400017940    
   86.399995650    
   86.399999821    
   86.400003947    
   86.400020003    
   86.400043415    
   86.399978472    
   86.399996233    
   86.399968785    
   86.400000359    
   86.399982778    
   86.400027269    
   86.399985648    
   86.399991568    
   86.400026551    
   86.400021707    
   86.399962916    
   86.400045567    
   86.400028838    
   86.400002960    
   86.400000561    
   86.399949589    
   86.400031888    
   86.399976499    
   86.400005472    
   86.399992376    
   86.399966777    
   86.399997825    
   86.399978652    
   86.399984482    
   86.400028345    
   86.399991434    
   86.399984050    
   86.400005741    
   86.400032382    
   86.399999552    
   86.400014890    
   86.399989595    
   86.399996591    
   86.399993463    
   86.400002332    
   86.399997488    
   86.399992645    
   86.400018366    
   86.400018119    
   86.400025923    
   86.400025923    
   86.399984751    
   86.399986724    
   86.400000919    
   86.400011325    
   86.400007961    
   86.399973090    
   86.399980197    
   86.400057497    
   86.399997399    
   86.399984392    
   86.399991479    
   86.399984168    
   86.399964979    
   86.399968569    
   86.399970043    
   86.400004395    
   86.399996233    
   86.399990133    
   86.400009329    
   86.400011930    
   86.400016056    
   86.400032595    
   86.400002512    
   86.399962237    
   86.400028166    
   86.399995246    
   86.399981073    
   86.400014531    
   86.399975064    
   86.399975602    
   86.399970220    
   86.400010764    
   86.399995291    
   86.399970220    
   86.400010764    
   86.400019016    
   86.400030857    
   86.400009508    
   86.400019554    
   86.400008880    
   86.399972283    
   86.399995694    
   86.400006111    
   86.399983092    
   86.399998206    
   86.400016146    
   86.399974705    
   86.400002870    
   86.400036956    
   86.399970220    
   86.400001435    
   86.399990492    
   86.400032471    
   86.399961098    
   86.400024936    
   86.400039109    
   86.400026910    
   86.400004350    
   86.400053102    
   86.399954074    
   86.399998834    
   86.400026372    
   86.399987801    
   86.400003947    
   86.400011482    
   86.399978652    
   86.399987173    
   86.400020451    
   86.400026192    
   86.400005382    
   86.400003420    
   86.400002736    
   86.399986887    
   86.400017940    
   86.400018478    
   86.400013769    
   86.400028255    
   86.400020451    
   86.400018119    
   86.399989595    
   86.399988115    
   86.400041845    
   86.399976319    
   86.400025833    
   86.399971296    
   86.399995425    
   86.399999910    
   86.400007535    
   86.400013365    
   86.400006683    
   86.399956227    
   86.400044670    
   86.399998206    
   86.399978472    
   86.400005741    
   86.399991030    
   86.400020093    
   86.400030857    
   86.400017940    
   86.400005382    
   86.399979997    
   86.400005920    
   86.400024578    
   86.400052923    
   86.400009553    
   86.399958290    
   86.399984572    
   86.400005292    
   86.399996547    
   86.400017267    
   86.399993968    
   86.399983675    
   86.399976207    
   86.400018658    
   86.399991748    
   86.400036059    
   86.399964120    
   86.399975961    
   86.400025833    
   86.400003756    
   86.399984930    
   86.399980266    
   86.400019196    
   86.400042159    
   86.400012314    
   86.400037674    
   86.400017402    
   86.400028524    
   86.399998565    
   86.399978382    
   86.400035521    
   86.400006727    
   86.400008342    
   86.400018658    
   86.400013634    
   86.400001973    
   86.400001121    
   86.400014711    
   86.400006817    
   86.399997040    
   86.399990223    
   86.399997309    
   86.399974884    
   86.399999641    
   86.399967574    
   86.400006100    
   86.400005808    
   86.400004664    
   86.399968874    
   86.400015137    
   86.400000359    
   86.400006100    
   86.399997130    
   86.400008252    
   86.399965152    
   86.400014173    
   86.399962685    
   86.400008521    
   86.400021707    
   86.399991837    
   86.399986007    
   86.399979190    
   86.400023142    
   86.399971655    
   86.399982284    
   86.399995425    
   86.400015787    
   86.400017043    
   86.399996412    
   86.400020990    
   86.400015070    
   86.400011751    
   86.400001435    
   86.399995784    
   86.399971296    
   86.400024757    
   86.400021348    
   86.399982464    
   86.400025385    
   86.400008252    
   86.399997847    
   86.400018478    
   86.399999955    
   86.400000964    
   86.400026192    
   86.399970579    
   86.399992196    
   86.400017222    
   86.399933084    
   86.400035342    
   86.399993900    
   86.399979010    
   86.400005741    
   86.400013545    
   86.399987801    
   86.399993542    
   86.400011123    
   86.400017312    
   86.399990671    
   86.399980446    
   86.399982307    
   86.400013096    
   86.400021259    
   86.400001794    
   86.400008342    
   86.400057049    
   86.399964838    
   86.399978113    
   86.399993631    
   86.399969861    
   86.400012020    
   86.399984930    
   86.399975602    
   86.399977575    
   86.399995560    
   86.400025923    
   86.400035521    
   86.400036777    
   86.400001794    
   86.400010046    
   86.399972014    
   86.399974694    
   86.399934430    
   86.400001076    
   86.399998565    
   86.400008880    
   86.400007804    
   86.399976140    
   86.399985648    
   86.400018119    
   86.399980804    
   86.399989236    
   86.400065481    
   86.399996681    
   86.399998296    
   86.400015070    
   86.399979526    
   86.399977037    
   86.399992106    
   86.400009329    
   86.399951035    
   86.399989819    
   86.400010136    
   86.399998924    
   86.400017402    
   86.399993256    
   86.399957572    
   86.400023098    
   86.399969480    
   86.400027504    
   86.400021730    
   86.400028457    
   86.400000179    
   86.399993183    
   86.400009867    
   86.400049783    
   86.400045567    
   86.400024039    
   86.399983652    
   86.399989057    
   86.400026910    
   86.400023681    
   86.399992824    
   86.400007894    
   86.399986366    
   86.399993542    
   86.400030857    
   86.400019913    
   86.399995515    
   86.400001794    
   86.400031933    
   86.400000000    
   86.399999821    
   86.399996233    
   86.400034893    
   86.399985469    
   86.399987263    
   86.399990851    
   86.399973045    
   86.399982778    
   86.399990312    
   86.400010405    
   86.399991389    
   86.400032830    
   86.400008970    
   86.400025923    
   86.400009149    
   86.400016393    
   86.400005741    
   86.400006907    
   86.400010764    
   86.399983764    
   86.400020810    
   86.400028424    
   86.400001794    
   86.400007221    
   86.399996412    
   86.399983518    
   86.399986994    
   86.400007894    
   86.400009688    
   86.399977104    
   86.400014614    
   86.399988272    
   86.400009508    
   86.399967349    
   86.400036306    
   86.400021169    
   86.400009845    
   86.400002153    
   86.399979190    
   86.400002960    
   86.400004126    
   86.399988967    
   86.400036239    
   86.400010136    
   86.400002461    
   86.400023142    
   86.399992824    
   86.399974436    
   86.399974884    
   86.399984930    
   86.400010405    
   86.399995515    
   86.400021932    
   86.399998206    
   86.400040903    
   86.399974525    
   86.399996950    
   86.399982239    
   86.400043235    
   86.400023060    
   86.399984303    
   86.400000538    
   86.399972193    
   86.400023412    
   86.400002422    
   86.400009867    
   86.399971476    
   86.399985110    
   86.400028883    
   86.399943534    
   86.400002540    
   86.399999282    
   86.400006817    
   86.399971386    
   86.399981208    
   86.399988137    
   86.399999282    
   86.399997309    
   86.400000740    
   86.400033122    
   86.399940888    
   86.400024039    
   86.399993228    
   86.400033099    
   86.400009149    
   86.400016505    
   86.399984684    
   86.399973808    
   86.400010383    
   86.399991748    
   86.400004844    
   86.400018837    
   86.400002242    
   86.399994327    
   86.399988698    
   86.400009149    
   86.400005292    
   86.400036328    
   86.400013276    
   86.399982778    
   86.399998991    
   86.400010046    
   86.399995515    
   86.399978652    
   86.400003386    
   86.399965735    
   86.400001615    
   86.400003050    
   86.400039871    
   86.400012020    
   86.399955509    
   86.399999821    
   86.400019913    
   86.399970489    
   86.400028345    
   86.400001435    
   86.399988474    
   86.399974525    
   86.400026551    
   86.400025654    
   86.399967305    
   86.399950306    
   86.400010764    
   86.399969861    
   86.399965084    
   86.399996053    
   86.400036126    
   86.399977755    
   86.400038817    
   86.400006100    
   86.399972193    
   86.400021348    
   86.400028524    
   86.400000538    
   86.399990702    
   86.399985023    
   86.400015428    
   86.400002299    
   86.400027269    
   86.399986366    
   86.399973808    
   86.400031933    
   86.399957303    
   86.399987801    
   86.399987016    
   86.400004485    
   86.400011482    
   86.399994977    
   86.400038302    
   86.400003229    
   86.399978472    
   86.399945463    
   86.399973225    
   86.400001076    
   86.400014800    
   86.399976588    
   86.399999552    
   86.399975871    
   86.400022425    
   86.400036777    
   86.399974570    
   86.400028861    
   86.399972103    
   86.400036777    
   86.399971700    
   86.400008073    
   86.400034445    
   86.400021259    
   86.400002377    
   86.399968358    
   86.399972440    
   86.400022716    
   86.400003319    
   86.400010136    
   86.399994753    
   86.400008611    
   86.399985043    
   86.400010854    
   86.399974615    
   86.400009508    
   86.399994057    
   86.400013814    
   86.400003588    
   86.399990582    
   86.400001390    
   86.400002422    
   86.400035566    
   86.400023770    
   86.399999103    
   86.400031574    
   86.400005169    
   86.400006727    
   86.400014358    
   86.399987801    
   86.399994988    
   86.400002736    
   86.400035880    
   86.400001794    
   86.399966273    
   86.400009329    
   86.400025475    
   86.399975602    
   86.400008477    
   86.399994282    
   86.400028704    
   86.400006997    
   86.399976070    
   86.400013859    
   86.399986366    
   86.400029242    
   86.399984392    
   86.399963156    
   86.400027089    
   86.400007983    
   86.400021887    
   86.400023322    
   86.400013735    
   86.400012894    
   86.400004732    
   86.399987442    
   86.399933622    
   86.399977037    
   86.400038750    
   86.400043572    
   86.399995336    
   86.400018478    
   86.400009149    
   86.400022335    
   86.399930393    
   86.399972552    
   86.399984723    
   86.399975680    
   86.399991748    
   86.399999731    
   86.399989864    
   86.399995336    
   86.400022604    
   86.399989595    
   86.399996277    
   86.399993676    
   86.399996861    
   86.399972014    
   86.400004519    
   86.399998498    
   86.399989236    
   86.399981701    
   86.399973090    
   86.400006772    
   86.399997488    
   86.399997488    
   86.399995246    
   86.399980759    
   86.399998565    
   86.400018478    
   86.400031395    
   86.400004126    
   86.400026910    
   86.400007624    
   86.399994618    
   86.400000628    
   86.400033727    
   86.399980087    
   86.399994977    
   86.400017761    
   86.399978405    
   86.400038571    
   86.400017222    
   86.400015518    
   86.399979257    
   86.400003409    
   86.400041979    
   86.399991030    
   86.400018052    
   86.399972373    
   86.399992465    
   86.400024712    
   86.400021999    
   86.400015070    
   86.400009912    
   86.400006100    
   86.399990312    
   86.399968067    
   86.399992914    
   86.399986411    
   86.399959097    
   86.399992981    
   86.399999664    
   86.399991591    
   86.400011840    
   86.399990851    
   86.399996064    
   86.399966396    
   86.400020990    
   86.400045926    
   86.399995515    
   86.400007714    
   86.399991837    
   86.400005382    
   86.399986276    
   86.399963223    
   86.399971072    
   86.400001794    
   86.400031440    
   86.400026013    
   86.400011526    
   86.400003588    
   86.400010226    
   86.400001256    
   86.400028166    
   86.399984841    
   86.400005068    
   86.400004395    
   86.399987801    
   86.400022245    
   86.400010495    
   86.400048281    
   86.399987083    
   86.400001794    
   86.400015787    
   86.399985738    
   86.400053820    
   86.399997488    
   86.399997309    
   86.399987902    
   86.400002590    
   86.399994259    
   86.400009962    
   86.400006234    
   86.399958065    
   86.400017940    
   86.400013096    
   86.400032852    
   86.399984482    
   86.399979010    
   86.399974884    
   86.399981169    
   86.400019554    
   86.400009688    
   86.399975333    
   86.399991299    
   86.400011751    
   86.399964479    
   86.399981701    
   86.399989236    
   86.400028412    
   86.399992196    
   86.399966632    
   86.400006100    
   86.399997444    
   86.399974525    
   86.400008970    
   86.399994977    
   86.400000090    
   86.400007288    
   86.399973449    
   86.400037853    
   86.399992376    
   86.400028973    
   86.400016056    
   86.400003947    
   86.400029421    
   86.400012468    
   86.400014531    
   86.400011168    
   86.399945463    
   86.399985749    
   86.399991837    
   86.399999282    
   86.399980894    
   86.399971655    
   86.399992331    
   86.399986366    
   86.400061680    
   86.399994259    
   86.400032471    
   86.400007652    
   86.400013545    
   86.399988518    
   86.399984930    
   86.400000090    
   86.399942234    
   86.399993542    
   86.399992286    
   86.399992600    
   86.400008432    
   86.400018478    
   86.400038885    
   86.400000718    
   86.399964479    
   86.400023950    
   86.400027986    
   86.399999193    
   86.400028524    
   86.399984518    
   86.400007647    
   86.399978472    
   86.399967349    
   86.399962909    
   86.399971834    
   86.399998699    
   86.400035342    
   86.399989146    
   86.400003139    
   86.399973449    
   86.399949948    
   86.400013276    
   86.399981892    
   86.399963761    
   86.400003767    
   86.399987038    
   86.399952347    
   86.399986186    
   86.400000538    
   86.399993721    
   86.399988014    
   86.400005741    
   86.399974615    
   86.400004306    
   86.399988272    
   86.400020900    
   86.400039647    
   86.399980984    
   86.399997578    
   86.400003543    
   86.400011392    
   86.400019016    
   86.399995067    
   86.400005931    
   86.400021707    
   86.399964838    
   86.399974974    
   86.399990828    
   86.400019196    
   86.400042787    
   86.400027000    
   86.399997668    
   86.400000359    
   86.399983136    
   86.400042944    
   86.399986366    
   86.399986007    
   86.399946539    
   86.400041979    
   86.399969682    
   86.399959276    
   86.399973359    
   86.399996412    
   86.399962012    
   86.399996322    
   86.400036239    
   86.400022245    
   86.400003588    
   86.399995750    
   86.400009688    
   86.400012558    
   86.399973987    
   86.399974391    
   86.399968157    
   86.399983854    
   86.400015070    
   86.399968336    
   86.399974660    
   86.399995336    
   86.399973583    
   86.399982778    
   86.400005023    
   86.400008611    
   86.400005561    
   86.399990940    
   86.399979235    
   86.399965914    
   86.399978921    
   86.400030857    
   86.400023008    
   86.399994977    
   86.399968695    
   86.399986904    
   86.399977575    
   86.399995336    
   86.399986411    
   86.399953805    
   86.399982464    
   86.399982060    
   86.400012493    
   86.400034086    
   86.399955240    
   86.399984303    
   86.399953536    
   86.399966677    
   86.400024936    
   86.400036463    
   86.399998475    
   86.400010428    
   86.400003229    
   86.399986007    
   86.400015249    
   86.400026932    
   86.399989415    
   86.399997130    
   86.400048976    
   86.400012625    
   86.400032471    
   86.400019375    
   86.400011302    
   86.400010405    
   86.400009979    
   86.399972956    
   86.400047541    
   86.400014173    
   86.400008297    
   86.399990066    
   86.400015608    
   86.400005203    
   86.400010405    
   86.399980042    
   86.399973987    
   86.400020272    
   86.400004530    
   86.400007983    
   86.400003588    
   86.400000471    
   86.399986881    
   86.400026641    
   86.399992824    
   86.399973808    
   86.400018658    
   86.400007355    
   86.400044401    
   86.400010091    
   86.400010046    
   86.400025744    
   86.399962057    
   86.400012109    
   86.399996457    
   86.400047092    
   86.399984303    
   86.399980446    
   86.399956227    
   86.399989774    
   86.399983092    
   86.400025968    
   86.400037629    
   86.400029421    
   86.399979369    
   86.399989774    
   86.399977755    
   86.399973090    
   86.400036239    
   86.399989236    
   86.400005965    
   86.399964479    
   86.399972911    
   86.400020631    
   86.399972911    
   86.400011123    
   86.399963403    
   86.400036732    
   86.400008163    
   86.400013096    
   86.399994977    
   86.399987599    
   86.399962685    
   86.400041570    
   86.400011123    
   86.400002983    
   86.400036956    
   86.399980535    
   86.400006548    
   86.399994483    
   86.400016415    
   86.400018119    
   86.399975438    
   86.399999821    
   86.399976050    
   86.399996233    
   86.400050232    
   86.400020093    
   86.400054739    
   86.399991568    
   86.399976431    
   86.399986814    
   86.399962999    
   86.400001076    
   86.399998341    
   86.400005113    
   86.400017312    
   86.399997219    
   86.399979728    
   86.400005561    
   86.400006458    
   86.399953715    
   86.399985379    
   86.399983675    
   86.400029601    
   86.399994820    
   86.400027627    
   86.400004978    
   86.400072298    
   86.399964927    
   86.399997040    
   86.399991748    
   86.399968246    
   86.399976858    
   86.400012737    
   86.400012379    
   86.400003409    
   86.399993990    
   86.399995201    
   86.399995156    
   86.400006817    
   86.399997040    
   86.399980670    
   86.399976678    
   86.399981343    
   86.400010405    
   86.399964389    
   86.400012917    
   86.399965914    
   86.400000897    
   86.399992028    
   86.400006997    
   86.400016292    
   86.400019375    
   86.399999358    
   86.399970489    
   86.400037539    
   86.400005741    
   86.400002268    
   86.399992555    
   86.399997219    
   86.399926088    
   86.399987263    
   86.400007400    
   86.400016348    
   86.400016146    
   86.400024219    
   86.400004844    
   86.400004418    
   86.400011123    
   86.400011840    
   86.400009508    
   86.400035521    
   86.399969979    
   86.400052542    
   86.400002018    
   86.400014531    
   86.399975961    
   86.399997937    
   86.399977396    
   86.400031933    
   86.399960532    
   86.400012558    
   86.399991741    
   86.399946511    
   86.400024039    
   86.400024039    
   86.399966744    
   86.400011930    
   86.399995902    
   86.400004664    
   86.399990582    
   86.400024998    
   86.399991030    
   86.399998206    
   86.399998531    
   86.399991153    
   86.400036956    
   86.399978113    
   86.400026013    
   86.399990279    
   86.399995212    
   86.399986097    
   86.399994977    
   86.399990559    
   86.400041845    
   86.399988877    
   86.399977934    
   86.400000942    
   86.400022358    
   86.400006369    
   86.400017581    
   86.400002153    
   86.400023905    
   86.399974884    
   86.400030812    
   86.400007266    
   86.400020227    
   86.400020093    
   86.400012558    
   86.400032471    
   86.399988249    
   86.400031709    
   86.400012109    
   86.399977171    
   86.400048079    
   86.400027986    
   86.400000359    
   86.399970309    
   86.400001710    
   86.400001435    
   86.400016550    
   86.400017716    
   86.399978472    
   86.400024398    
   86.400007580    
   86.399962595    
   86.399999641    
   86.399977755    
   86.399992196    
   86.399972507    
   86.399982778    
   86.399991389    
   86.399963761    
   86.400000807    
   86.400034691    
   86.399995190    
   86.399984033    
   86.400013298    
   86.400023681    
   86.399985827    
   86.399987263    
   86.400017581    
   86.400034803    
   86.399989415    
   86.399985648    
   86.399998834    
   86.399989763    
   86.399989617    
   86.400006817    
   86.400013276    
   86.399997399    
   86.399998565    
   86.399999282    
   86.400028345    
   86.400015787    
   86.400015070    
   86.399998430    
   86.399992622    
   86.400013006    
   86.400022873    
   86.400025688    
   86.400018927    
   86.399964120    
   86.400003409    
   86.400008342    
   86.399989057    
   86.399982239    
   86.400006593    
   86.400004104    
   86.400017671    
   86.399966295    
   86.400020451    
   86.399973460    
   86.400011952    
   86.400020631    
   86.399988698    
   86.399973180    
   86.399996575    
   86.400029242    
   86.400033368    
   86.399985289    
   86.399970579    
   86.399973225    
   86.400033368    
   86.399993900    
   86.400035162    
   86.399974077    
   86.399960532    
   86.399993183    
   86.399993542    
   86.400030498    
   86.400007535    
   86.400011840    
   86.399980625    
   86.399973314    
   86.400023815    
   86.400015339    
   86.400006100    
   86.400004395    
   86.400008566    
   86.400029197    
   86.399981343    
   86.399979907    
   86.399989057    
   86.400017491    
   86.400015787    
   86.399984123    
   86.400008259    
   86.399999193    
   86.400017940    
   86.400006997    
   86.399962590    
   86.399992263    
   86.399975781    
   86.399956585    
   86.400037136    
   86.400032830    
   86.399963686    
   86.399998430    
   86.399978253    
   86.399993900    
   86.399996412    
   86.400009329    
   86.399986994    
   86.399989488    
   86.399996950    
   86.399985648    
   86.400026831    
   86.399973808    
   86.400002691    
   86.399995067    
   86.400004440    
   86.400038122    
   86.399991120    
   86.400025833    
   86.400026442    
   86.400012020    
   86.400044704    
   86.399956944    
   86.399993250    
   86.399987442    
   86.400014800    
   86.399985648    
   86.399977216    
   86.399996053    
   86.400003414    
   86.400017940    
   86.400060278    
   86.399997847    
   86.400031619    
   86.400019487    
   86.400028435    
   86.400026596    
   86.399996491    
   86.400023883    
   86.399971408    
   86.400006100    
   86.399998363    
   86.399981073    
   86.400008701    
   86.399989640    
   86.400040544    
   86.400055614    
   86.400008073    
   86.400031215    
   86.399945822    
   86.400009867    
   86.399982419    
   86.399990200    
   86.399978652    
   86.400002612    
   86.400022604    
   86.399992106    
   86.400019734    
   86.400034445    
   86.400000000    
   86.399976858    
   86.400043415    
   86.399988119    
   86.399962371    
   86.400022066    
   86.399988339    
   86.399951428    
   86.399995067    
   86.399984953    
   86.400005203    
   86.400006997    
   86.399969883    
   86.400012883    
   86.400017267    
   86.399998296    
   86.400017065    
   86.400048572    
   86.400003767    
   86.400026192    
   86.399994080    
   86.400018658    
   86.400027527    
   86.400018271    
   86.399981029    
   86.399989954    
   86.399987442    
   86.400007355    
   86.399980984    
   86.399999103    
   86.400001054    
   86.400006638    
   86.400024331    
   86.400014800    
   86.400001973    
   86.400034310    
   86.399990671    
   86.399989057    
   86.399981253    
   86.400003229    
   86.399997130    
   86.400015383    
   86.399979033    
   86.399979459    
   86.399976678    
   86.400003767    
   86.400005292    
   86.400030139    
   86.399977194    
   86.400041351    
   86.400017222    
   86.400005198    
   86.399986123    
   86.400020810    
   86.400015428    
   86.400026910    
   86.400024936    
   86.400009688    
   86.399989483    
   86.399947077    
   86.400000179    
   86.399943669    
   86.400047361    
   86.399996816    
   86.399993003    
   86.399988294    
   86.400020900    
   86.399987263    
   86.399970489    
   86.399989774    
   86.400001132    
   86.400012289    
   86.399985491    
   86.399998027    
   86.399988070    
   86.400002646    
   86.399996098    
   86.399996771    
   86.399998324    
   86.400027000    
   86.399996633    
   86.400015428    
   86.399998296    
   86.399989954    
   86.399996423    
   86.400023322    
   86.400011482    
   86.400023501    
   86.400006907    
   86.399994500    
   86.399992286    
   86.400018478    
   86.400023008    
   86.399986388    
   86.400009149    
   86.399978113    
   86.400031036    
   86.399985200    
   86.399971655    
   86.399992106    
   86.400016505    
   86.400009688    
   86.400020810    
   86.400038391    
   86.399998385    
   86.399999047    
   86.399970937    
   86.400000000    
   86.400013455    
   86.399985917    
   86.399987263    
   86.399972148    
   86.400038750    
   86.400031574    
   86.400015787    
   86.399972731    
   86.400027986    
   86.399993900    
   86.400009239    
   86.399994797    
   86.399960263    
   86.400002018    
   86.399994259    
   86.399985648    
   86.399984213    
   86.400033368    
   86.400008611    
   86.400002870    
   86.399999731    
   86.400007894    
   86.400011123    
   86.399986753    
   86.400008791    
   86.400011840    
   86.400013814    
   86.399968964    
   86.399996950    
   86.400002332    
   86.399969502    
   86.399991837    
   86.399982195    
   86.400032023    
   86.399994439    
   86.399988877    
   86.400015877    
   86.399974660    
   86.400025071    
   86.400002601    
   86.399980625    
   86.400027023    
   86.400005382    
   86.400006458    
   86.400024039    
   86.399996255    
   86.399980446    
   86.399964120    
   86.400011123    
   86.400006066    
   86.399970040    
   86.399969951    
   86.400019016    
   86.399982486    
   86.400049873    
   86.399988115    
   86.399973090    
   86.399994618    
   86.400022515    
   86.400002870    
   86.399991434    
   86.400004395    
   86.400026103    
   86.399998013    
   86.400006458    
   86.400017284    
   86.399965017    
   86.399991389    
   86.400040544    
   86.399987980    
   86.400032830    
   86.400023681    
   86.399963403    
   86.400022515    
   86.399997668    
   86.399982957    
   86.399945104    
   86.400023681    
   86.400007714    
   86.399996233    
   86.399984572    
   86.400026820    
   86.399983607    
   86.399965017    
   86.400002220    
   86.400011123    
   86.400004981    
   86.399990940    
   86.400049066    
   86.400011930    
   86.399982688    
   86.399996359    
   86.399995067    
   86.399990895    
   86.400024398    
   86.399965735    
   86.399966946    
   86.399992106    
   86.400039468    
   86.400007008    
   86.399992465    
   86.400059740    
   86.400019016    
   86.400010764    
   86.399997174    
   86.400002332    
   86.400032471    
   86.400011661    
   86.399980446    
   86.399968426    
   86.399989326    
   86.400010226    
   86.399987083    
   86.400011123    
   86.399985469    
   86.399983136    
   86.400017222    
   86.399963941    
   86.400002422    
   86.400006279    
   86.400003364    
   86.400004126    
   86.399991748    
   86.399974346    
   86.399978338    
   86.399974010    
   86.400004221    
   86.399980311    
   86.400008252    
   86.399994259    
   86.399983226    
   86.400005023    
   86.400005382    
   86.400027269    
   86.400019375    
   86.400057565    
   86.400003947    
   86.399995694    
   86.399990783    
   86.399983764    
   86.400033189    
   86.400013276    
   86.399987980    
   86.400011807    
   86.400013455    
   86.400023232    
   86.400003229    
   86.399983316    
   86.399959097    
   86.400000359    
   86.399967546    
   86.400014352    
   86.399962506    
   86.400027986    
   86.399999462    
   86.399988249    
   86.399975422    
   86.399973628    
   86.400028166    
   86.399972731    
   86.400050321    
   86.400033009    
   86.399993059    
   86.399998116    
   86.399999910    
   86.399993542    
   86.400049694    
   86.399984033    
   86.399992465    
   86.399967349    
   86.400048079    
   86.400004485    
   86.400010405    
   86.399972053    
   86.399996715    
   86.400030072    
   86.399988967    
   86.400023681    
   86.399954791    
   86.399989415    
   86.399998565    
   86.399989954    
   86.400003229    
   86.399998924    
   86.399936134    
   86.399955509    
   86.399980625    
   86.400002512    
   86.399992465    
   86.400020541    
   86.400022694    
   86.399985020    
   86.399981163    
   86.400025508    
   86.399971476    
   86.399981359    
   86.400013455    
   86.399979425    
   86.400008880    
   86.400014666    
   86.399997578    
   86.400021662    
   86.400025340    
   86.400029960    
   86.399998027    
   86.399939004    
   86.400025833    
   86.400016112    
   86.400019734    
   86.399971834    
   86.400024936    
   86.400047182    
   86.400009329    
   86.400048079    
   86.400023501    
   86.400023860    
   86.399988518    
   86.399991322    
   86.399997130    
   86.399982710    
   86.399998206    
   86.399988160    
   86.400024667    
   86.399993542    
   86.399984841    
   86.400017222    
   86.399979549    
   86.399974346    
   86.400006548    
   86.400011123    
   86.400005113    
   86.399988894    
   86.400026461    
   86.399950127    
   86.399989819    
   86.400024039    
   86.399992824    
   86.399994573    
   86.399980266    
   86.399978472    
   86.400002153    
   86.400009508    
   86.399983316    
   86.400013276    
   86.400018658    
   86.399985693    
   86.400012737    
   86.400000090    
   86.400041239    
   86.400030139    
   86.400039109    
   86.400005920    
   86.400025475    
   86.399997130    
   86.399983136    
   86.400003947    
   86.399996053    
   86.399997780    
   86.400029870    
   86.399998744    
   86.400041298    
   86.400034075    
   86.399973090    
   86.400006122    
   86.400002691    
   86.400012984    
   86.400013634    
   86.399988339    
   86.400036373    
   86.400015608    
   86.399979549    
   86.399990940    
   86.399957124    
   86.399983495    
   86.399995694    
   86.399983675    
   86.400030677    
   86.399986366    
   86.399963403    
   86.399997152    
   86.399991748    
   86.400023142    
   86.399987778    
   86.399997847    
   86.399984930    
   86.400002467    
   86.399994259    
   86.399980804    
   86.399971303    
   86.399973270    
   86.400000179    
   86.400012379    
   86.399969855    
   86.399958974    
   86.399989057    
   86.400030318    
   86.400004844    
   86.399972911    
   86.400012266    
   86.399988518    
   86.400007266    
   86.400013724    
   86.399976050    
   86.399994977    
   86.400022694    
   86.399950486    
   86.399984930    
   86.399994439    
   86.399987711    
   86.399974167    
   86.400026686    
   86.399998834    
   86.400000179    
   86.399969502    
   86.399978113    
   86.399993003    
   86.400004306    
   86.400030094    
   86.400016673    
   86.400012244    
   86.400031843    
   86.400004373    
   86.399997623    
   86.399975512    
   86.400004306    
   86.399986713    
   86.400035521    
   86.400003364    
   86.399982239    
   86.400029511    
   86.400018770    
   86.400023322    
   86.400055973    
   86.400038391    
   86.399995650    
   86.400029388    
   86.399988347    
   86.399961698    
   86.400002153    
   86.400024219    
   86.399939363    
   86.399992465    
   86.399977037    
   86.400014173    
   86.400013455    
   86.399966273    
   86.399950486    
   86.400033144    
   86.400028569    
   86.399980715    
   86.400023412    
   86.400039827    
   86.399992846    
   86.399984213    
   86.399942390    
   86.399999641    
   86.400007535    
   86.400042338    
   86.399957168    
   86.399959456    
   86.400003453    
   86.400012917    
   86.399995515    
   86.400073015    
   86.399953177    
   86.399997601    
   86.399983495    
   86.399994977    
   86.400030498    
   86.399987621    
   86.400017850    
   86.400021393    
   86.400004931    
   86.400022963    
   86.400002153    
   86.400013993    
   86.400050232    
   86.400002153    
   86.400006997    
   86.400009329    
   86.400021348    
   86.400028345    
   86.399985827    
   86.399983406    
   86.399999282    
   86.399994483    
   86.400032965    
   86.399996457    
   86.400005920    
   86.399951562    
   86.399979414    
   86.399977037    
   86.399984930    
   86.399980625    
   86.400012737    
   86.400021169    
   86.399996188    
   86.399991445    
   86.400009867    
   86.400013276    
   86.399985827    
   86.399999821    
   86.400004126    
   86.399972417    
   86.399931851    
   86.400006458    
   86.399996143    
   86.400027089    
   86.399980715    
   86.400025116    
   86.400007064    
   86.400013276    
   86.399996053    
   86.399978831    
   86.399968785    
   86.399996233    
   86.399997219    
   86.399988877    
   86.399982388    
   86.400003655    
   86.400038391    
   86.400003767    
   86.400029253    
   86.400019420    
   86.400007086    
   86.400017581    
   86.399988413    
   86.400021259    
   86.400016415    
   86.399986366    
   86.400000000    
   86.400008432    
   86.400014352    
   86.400007624    
   86.399973606    
   86.400013993    
   86.399991792    
   86.400010943    
   86.400006100    
   86.400004306    
   86.399995694    
   86.400012558    
   86.399999282    
   86.399983495    
   86.400018927    
   86.399989595    
   86.399976678    
   86.400036687    
   86.400022963    
   86.399974705    
   86.400026372    
   86.399977755    
   86.400045186    
   86.399984572    
   86.400013006    
   86.399957662    
   86.400003812    
   86.399993542    
   86.399981656    
   86.400031081    
   86.400008342    
   86.399997892    
   86.399997937    
   86.400007894    
   86.400015406    
   86.400022470    
   86.399998206    
   86.400008611    
   86.400001615    
   86.400023950    
   86.399956585    
   86.399997847    
   86.400000949    
   86.400024219    
   86.399951159    
   86.400023681    
   86.399996939    
   86.399992779    
   86.399998598    
   86.400004306    
   86.399988160    
   86.400005382    
   86.399959994    
   86.399997309    
   86.399983226    
   86.399982060    
   86.399982284    
   86.400003767    
   86.400022604    
   86.399997847    
   86.400018414    
   86.399985166    
   86.400028457    
   86.399991927    
   86.400021528    
   86.400003498    
   86.400025116    
   86.400028704    
   86.400008252    
   86.400010226    
   86.399945283    
   86.399979728    
   86.400040185    
   86.399990043    
   86.400003902    
   86.399976858    
   86.399984392    
   86.400019734    
   86.400011661    
   86.399984504    
   86.400043145    
   86.399980984    
   86.400017581    
   86.400027448    
   86.400006279    
   86.400004956    
   86.399978158    
   86.400036710    
   86.400032112    
   86.399996322    
   86.399995874    
   86.400015787    
   86.400000179    
   86.400018299    
   86.400012177    
   86.399969337    
   86.400004664    
   86.400020530    
   86.399967192    
   86.399963582    
   86.400008095    
   86.399992465    
   86.399981881    
   86.400005382    
   86.399995784    
   86.400029780    
   86.400005651    
   86.399994977    
   86.400021550    
   86.399971834    
   86.400012917    
   86.399993003    
   86.399975288    
   86.400003678    
   86.400015787    
   86.399993631    
   86.399992734    
   86.399979369    
   86.399991927    
   86.400000897    
   86.399985020    
   86.400038840    
   86.399986994    
   86.400024219    
   86.399992286    
   86.399996816    
   86.400008342    
   86.400061354    
   86.400013141    
   86.399984751    
   86.399983854    
   86.399989595    
   86.399991927    
   86.400017222    
   86.400005203    
   86.400033548    
   86.400000000    
   86.399998475    
   86.399992286    
   86.400010271    
   86.399963941    
   86.400012199    
   86.399969054    
   86.399978652    
   86.400017222    
   86.399963044    
   86.400013455    
   86.400027627    
   86.400010921    
   86.400000897    
   86.400006100    
   86.399999282    
   86.400033637    
   86.400002691    
   86.399997623    
   86.400021169    
   86.399942772    
   86.400047720    
   86.399975602    
   86.399992824    
   86.400008611    
   86.400001076    
   86.400020093    
   86.399992272    
   86.400022604    
   86.399977037    
   86.400045388    
   86.400009867    
   86.399986814    
   86.400003308    
   86.400007524    
   86.400011123    
   86.399991927    
   86.400007574    
   86.400010226    
   86.400013814    
   86.399991748    
   86.400038279    
   86.400013993    
   86.400028704    
   86.399997993    
   86.399986545    
   86.400003409    
   86.399983136    
   86.399974615    
   86.400055345    
   86.399961833    
   86.400022604    
   86.400011302    
   86.399976230    
   86.399966273    
   86.399963761    
   86.399981477    
   86.400008746    
   86.399994147    
   86.400032830    
   86.399997130    
   86.399969323    
   86.400000090    
   86.399962864    
   86.400010764    
   86.400023356    
   86.400002870    
   86.400020317    
   86.399990133    
   86.400027314    
   86.400012065    
   86.400007894    
   86.399993721    
   86.400038638    
   86.399982778    
   86.400020451    
   86.400001110    
   86.400035790    
   86.399988832    
   86.400010764    
   86.400012109    
   86.400006458    
   86.399996950    
   86.399984930    
   86.399982419    
   86.399987027    
   86.399995156    
   86.399990671    
   86.400038952    
   86.400002870    
   86.399998385    
   86.399995515    
   86.399989774    
   86.400024039    
   86.399978831    
   86.400040544    
   86.400011840    
   86.399985334    
   86.399993093    
   86.399960667    
   86.399967888    
   86.400021707    
   86.399997085    
   86.400037550    
   86.399972283    
   86.400019689    
   86.399962360    
   86.400018299    
   86.399977216    
   86.399987083    
   86.400014643    
   86.399981522    
   86.400009418    
   86.400053691    
   86.400000000    
   86.400024488    
   86.400016594    
   86.400010439    
   86.400033548    
   86.399960712    
   86.400038089    
   86.400008432    
   86.399997488    
   86.400027807    
   86.399971655    
   86.400014352    
   86.399981701    
   86.400007894    
   86.399974929    
   86.400021595    
   86.399995156    
   86.400032651    
   86.399989954    
   86.400003050    
   86.399959904    
   86.400020272    
   86.400014890    
   86.399966094    
   86.399941337    
   86.399999641    
   86.400020586    
   86.399973471    
   86.400033671    
   86.400017940    
   86.400000875    
   86.400005023    
   86.399997040    
   86.400026372    
   86.400018478    
   86.400009413    
   86.399978472    
   86.399995156    
   86.400041979    
   86.400009688    
   86.400026551    
   86.400008970    
   86.399996412    
   86.399995246    
   86.400000897    
   86.399988698    
   86.400028934    
   86.400015249    
   86.400006121    
   86.399992106    
   86.400014800    
   86.399978652    
   86.400003364    
   86.400005292    
   86.400016000    
   86.400008090    
   86.400003633    
   86.399979818    
   86.399989780    
   86.399981107    
   86.400039019    
   86.400020631    
   86.400018568    
   86.399996053    
   86.400045567    
   86.399992555    
   86.400007490    
   86.399992151    
   86.399978965    
   86.400004306    
   86.399979818    
   86.400020631    
   86.399979818    
   86.400030139    
   86.400003588    
   86.399973808    
   86.399969143    
   86.399995694    
   86.400022470    
   86.399999103    
   86.400023322    
   86.400014352    
   86.400034445    
   86.400002691    
   86.400006638    
   86.399963403    
   86.400019936    
   86.399969771    
   86.400014711    
   86.400015002    
   86.400012917    
   86.400024398    
   86.400008701    
   86.399994977    
   86.400004664    
   86.400001166    
   86.400006189    
   86.399932008    
   86.400006458    
   86.400000897    
   86.399973987    
   86.400001099    
   86.399995694    
   86.399950845    
   86.400005113    
   86.399966811    
   86.399968246    
   86.400018927    
   86.400007624    
   86.400004306    
   86.399972731    
   86.399961160    
   86.399957527    
   86.400011661    
   86.400018388    
   86.399991209    
   86.400024936    
   86.399960173    
   86.400017267    
   86.399977755    
   86.400010764    
   86.399951921    
   86.399987621    
   86.399996771    
   86.400009508    
   86.400038705    
   86.399976319    
   86.399984213    
   86.399978921    
   86.399972731    
   86.399986724    
   86.400007086    
   86.400001435    
   86.400002063    
   86.400003588    
   86.399988788    
   86.400008028    
   86.399984796    
   86.399957844    
   86.400034131    
   86.400021797    
   86.400033009    
   86.399929362    
   86.400006189    
   86.399954298    
   86.399992824    
   86.399993811    
   86.400008432    
   86.400011571    
   86.399985648    
   86.400037629    
   86.399985558    
   86.399988608    
   86.399987263    
   86.400049380    
   86.400038481    
   86.400010764    
   86.400054179    
   86.399992106    
   86.400008073    
   86.400001973    
   86.399981499    
   86.400014890    
   86.399950845    
   86.400003767    
   86.399980574    
   86.399980064    
   86.399997130    
   86.399977396    
   86.400017761    
   86.399987666    
   86.399992465    
   86.399994259    
   86.399995515    
   86.400041015    
   86.400019016    
   86.399996659    
   86.400015787    
   86.399978113    
   86.400002960    
   86.399999103    
   86.399994259    
   86.400020990    
   86.399999669    
   86.400023232    
   86.399988160    
   86.399996053    
   86.400014217    
   86.399947436    
   86.400009508    
   86.399966632    
   86.400007176    
   86.399994887    
   86.399970803    
   86.400001435    
   86.400068441    
   86.399965017    
   86.400006649    
   86.400011482    
   86.399987958    
   86.400004338    
   86.400005561    
   86.399981343    
   86.400005158    
   86.400012435    
   86.399996771    
   86.399986265    
   86.400034445    
   86.399961340    
   86.400009329    
   86.399997488    
   86.400004933    
   86.400039109    
   86.400006010    
   86.399993362    
   86.400001250    
   86.399996457    
   86.400021707    
   86.399993542    
   86.400009508    
   86.399974705    
   86.400034534    
   86.399997488    
   86.399982509    
   86.399989236    
   86.399972686    
   86.400013814    
   86.399968067    
   86.399993990    
   86.400007983    
   86.399974077    
   86.400009329    
   86.399972373    
   86.399984403    
   86.399973449    
   86.400046705    
   86.399974167    
   86.400031485    
   86.399966452    
   86.399997152    
   86.399982060    
   86.399993721    
   86.399955105    
   86.400003588    
   86.399974167    
   86.399998004    
   86.399976835    
   86.399983630    
   86.400016146    
   86.399957303    
   86.399983742    
   86.399991837    
   86.399987980    
   86.400002153    
   86.399990604    
   86.400006817    
   86.400009867    
   86.399959456    
   86.400038750    
   86.400007176    
   86.400010181    
   86.400010405    
   86.400014621    
   86.400008611    
   86.400011795    
   86.400009060    
   86.399986366    
   86.400009329    
   86.399980423    
   86.400011616    
   86.399977037    
   86.399994439    
   86.399963806    
   86.400028166    
   86.400012648    
   86.400015653    
   86.400021528    
   86.400023770    
   86.400026915    
   86.400038122    
   86.400025833    
   86.400007176    
   86.399984213    
   86.399990671    
   86.400032292    
   86.399984785    
   86.399992544    
   86.400016684    
   86.400003453    
   86.400026910    
   86.399965914    
   86.400023322    
   86.399980625    
   86.400017222    
   86.400024757    
   86.399998206    
   86.400013231    
   86.399996053    
   86.399985200    
   86.399992914    
   86.399987621    
   86.399995336    
   86.399978652    
   86.399954074    
   86.400015877    
   86.399972014    
   86.400034534    
   86.400034445    
   86.399985289    
   86.400018747    
   86.400015787    
   86.399993900    
   86.399952997    
   86.399965914    
   86.399994842    
   86.399984033    
   86.400004664    
   86.399976319    
   86.399987083    
   86.399997488    
   86.400016415    
   86.400025093    
   86.400009688    
   86.399987083    
   86.399995336    
   86.399989595    
   86.399945732    
   86.400000135    
   86.400029421    
   86.399993564    
   86.400017491    
   86.400016864    
   86.399963403    
   86.400006100    
   86.400005472    
   86.400020093    
   86.400007176    
   86.399970937    
   86.399986545    
   86.400010405    
   86.399982823    
   86.399978113    
   86.400009149    
   86.399976499    
   86.400020496    
   86.399995403    
   86.399984123    
   86.399981881    
   86.399992465    
   86.399983226    
   86.399986097    
   86.400013096    
   86.399992465    
   86.399972911    
   86.400022784    
   86.400036418    
   86.399957482    
   86.400026237    
   86.400016594    
   86.399953087    
   86.400010271    
   86.399966273    
   86.400026192    
   86.399988608    
   86.400002691    
   86.400028883    
   86.399994349    
   86.400010226    
   86.399974884    
   86.400007176    
   86.400014621    
   86.399989281    
   86.400004485    
   86.400006817    
   86.399989146    
   86.400018299    
   86.400000852    
   86.400005920    
   86.399977710    
   86.399973135    
   86.400012558    
   86.399971296    
   86.400045377    
   86.399999282    
   86.400007714    
   86.400002147    
   86.400031933    
   86.400029421    
   86.399971117    
   86.399973449    
   86.399983047    
   86.399972462    
   86.399965555    
   86.399992824    
   86.400008163    
   86.399987610    
   86.400011840    
   86.399973539    
   86.400002691    
   86.400009777    
   86.400003364    
   86.399997432    
   86.400017940    
   86.400024286    
   86.400022425    
   86.399992518    
   86.399970579    
   86.399989640    
   86.400034916    
   86.400014262    
   86.399986724    
   86.399983226    
   86.399991299    
   86.399993900    
   86.399993003    
   86.399997219    
   86.400003184    
   86.399987532    
   86.400015518    
   86.400004485    
   86.400005292    
   86.400019375    
   86.400010405    
   86.400019196    
   86.399992824    
   86.400022604    
   86.399996547    
   86.400015070    
   86.399994887    
   86.400014262    
   86.399984841    
   86.400003947    
   86.400024398    
   86.399974839    
   86.400007714    
   86.399955419    
   86.399969502    
   86.399987083    
   86.399977037    
   86.399979549    
   86.399981701    
   86.399979907    
   86.399997784    
   86.399980984    
   86.400015428    
   86.399945328    
   86.400016460    
   86.400027358    
   86.399996502    
   86.399957841    
   86.400008163    
   86.399999193    
   86.399988518    
   86.400032830    
   86.399968162    
   86.399986276    
   86.400000718    
   86.400003229    
   86.399990851    
   86.400026753    
   86.399982239    
   86.400010046    
   86.400016505    
   86.400006055    
   86.400022552    
   86.399983136    
   86.400003050    
   86.400024174    
   86.400010226    
   86.400022963    
   86.400007894    
   86.399999103    
   86.399982374    
   86.400008880    
   86.399995694    
   86.400018119    
   86.399968246    
   86.400011302    
   86.400030049    
   86.399998744    
   86.399997130    
   86.400025654    
   86.399948692    
   86.399994618    
   86.399963492    
   86.400016056    
   86.399977037    
   86.400008611    
   86.399998744    
   86.400014694    
   86.399969502    
   86.400020272    
   86.400007176    
   86.400009777    
   86.399989909    
   86.400027627    
   86.400005023    
   86.399984594    
   86.400014890    
   86.399996412    
   86.400011482    
   86.400040634    
   86.399988182    
   86.400004126    
   86.400004216    
   86.399990839    
   86.400009149    
   86.399997937    
   86.399993900    
   86.400004485    
   86.400014128    
   86.400019375    
   86.400019173    
   86.399988877    
   86.399990312    
   86.399999013    
   86.400014173    
   86.400001973    
   86.400003947    
   86.400024219    
   86.399991655    
   86.399994977    
   86.400006638    
   86.400001469    
   86.399986366    
   86.400003050    
   86.400036194    
   86.400034422    
   86.399987801    
   86.400005130    
   86.399982419    
   86.399948064    
   86.399985368    
   86.399997668    
   86.400019375    
   86.399967058    
   86.400020631    
   86.400004036    
   86.399971117    
   86.399995874    
   86.400021021    
   86.399966991    
   86.399984213    
   86.400008342    
   86.399984123    
   86.400004956    
   86.399987621    
   86.400040275    
   86.400013724    
   86.399978472    
   86.399989864    
   86.400004917    
   86.400014711    
   86.399979549    
   86.399989326    
   86.400033279    
   86.399985379    
   86.399997802    
   86.399998834    
   86.400038077    
   86.400026977    
   86.400023636    
   86.400015070    
   86.399999641    
   86.399987621    
   86.400017222    
   86.399981163    
   86.399980715    
   86.400018927    
   86.400018927    
   86.400009508    
   86.399992106    
   86.399953323    
   86.400008252    
   86.399969143    
   86.399983136    
   86.399991927    
   86.399988608    
   86.400024084    
   86.400039064    
   86.399972373    
   86.400013993    
   86.400009688    
   86.400002691    
   86.400001435    
   86.399976286    
   86.399998520    
   86.399969255    
   86.399989595    
   86.400015428    
   86.400020093    
   86.400024129    
   86.399984661    
   86.399974884    
   86.400025654    
   86.400011369    
   86.399996053    
   86.400011482    
   86.400020810    
   86.400008387    
   86.400011863    
   86.399948871    
   86.400002870    
   86.400001861    
   86.399996869    
   86.400020182    
   86.399981701    
   86.399977396    
   86.399999821    
   86.399962326    
   86.400037674    
   86.399982957    
   86.400002325    
   86.399979728    
   86.399989371    
   86.400011482    
   86.400012244    
   86.399992734    
   86.400040365    
   86.399981343    
   86.399988698    
   86.399975122    
   86.400024578    
   86.400016505    
   86.399944072    
   86.399995605    
   86.399983406    
   86.399980984    
   86.399984930    
   86.399989954    
   86.400030677    
   86.400015787    
   86.400006324    
   86.399988429    
   86.400011123    
   86.400007535    
   86.400014173    
   86.399978293    
   86.399998744    
   86.400003050    
   86.400001166    
   86.399999467    
   86.399993631    
   86.400027089    
   86.399971117    
   86.399999641    
   86.399989774    
   86.400030767    
   86.400022750    
   86.399995336    
   86.400007176    
   86.399978113    
   86.400043101    
   86.400025833    
   86.399993721    
   86.399992465    
   86.399995100    
   86.399953625    
   86.399980580    
   86.400037674    
   86.400019734    
   86.399986007    
   86.400012737    
   86.399974794    
   86.400010046    
   86.399967260    
   86.399997040    
   86.399979728    
   86.399948692    
   86.399968785    
   86.399951562    
   86.400002153    
   86.400024219    
   86.399991299    
   86.400006907    
   86.400015697    
   86.400027291    
   86.399988967    
   86.400012020    
   86.399965247    
   86.399989057    
   86.399988160    
   86.400013634    
   86.399961967    
   86.399990671    
   86.400023501    
   86.399980490    
   86.399965197    
   86.400024398    
   86.400000258    
   86.399984392    
   86.400023501    
   86.399996434    
   86.400017312    
   86.400009867    
   86.399995224    
   86.400003947    
   86.400050366    
   86.400013993    
   86.399994439    
   86.399996771    
   86.400015070    
   86.400008163    
   86.400016505    
   86.400012379    
   86.399977626    
   86.400012199    
   86.399996502    
   86.400011840    
   86.399994514    
   86.399986007    
   86.400037405    
   86.399987509    
   86.400001973    
   86.399984213    
   86.400019986    
   86.399995694    
   86.399986590    
   86.399999462    
   86.400036956    
   86.400001861    
   86.399986904    
   86.399991927    
   86.399959389    
   86.399986097    
   86.400038571    
   86.400018366    
   86.400015922    
   86.399962960    
   86.400031395    
   86.399994977    
   86.399994080    
   86.400003767    
   86.400005741    
   86.400007355    
   86.399985289    
   86.400009665    
   86.400007490    
   86.399956473    
   86.399990133    
   86.399980894    
   86.400005023    
   86.400012199    
   86.400011482    
   86.400005337    
   86.399988070    
   86.400003409    
   86.399952856    
   86.399975781    
   86.399996905    
   86.399974974    
   86.399984033    
   86.399990851    
   86.400001794    
   86.399987263    
   86.399950486    
   86.400006638    
   86.400026058    
   86.400018837    
   86.400003229    
   86.400026551    
   86.400011661    
   86.399986904    
   86.399977037    
   86.399993003    
   86.399996143    
   86.400058490    
   86.400025116    
   86.399997444    
   86.400010764    
   86.399976291    
   86.400000000    
   86.400014711    
   86.400007894    
   86.399983136    
   86.399993631    
   86.399968605    
   86.400015249    
   86.399994282    
   86.400031529    
   86.400005539    
   86.399993542    
   86.399988967    
   86.399994282    
   86.400009490    
   86.399988698    
   86.400019465    
   86.399998924    
   86.400016864    
   86.399980984    
   86.400066019    
   86.400019734    
   86.400034803    
   86.399981051    
   86.400025833    
   86.400004664    
   86.400021976    
   86.399986186    
   86.400008037    
   86.400035880    
   86.400002512    
   86.399989595    
   86.400039064    
   86.400017043    
   86.399986724    
   86.399962326    
   86.400022963    
   86.399970668    
   86.400026237    
   86.400027627    
   86.399997847    
   86.399997668    
   86.400027308    
   86.400005741    
   86.399977485    
   86.400004799    
   86.400011482    
   86.399999978    
   86.399985469    
   86.399991748    
   86.399975243    
   86.400021707    
   86.399985738    
   86.400011672    
   86.399992286    
   86.399969682    
   86.400006100    
   86.400013410    
   86.400013814    
   86.399982284    
   86.400011526    
   86.400000785    
   86.399966632    
   86.399997219    
   86.399958918    
   86.400007535    
   86.399977396    
   86.399997488    
   86.399999327    
   86.399928240    
   86.399991748    
   86.400008970    
   86.399993990    
   86.399981298    
   86.400038212    
   86.399975781    
   86.400029063    
   86.400023322    
   86.400009688    
   86.399986455    
   86.399990290    
   86.399977216    
   86.399986444    
   86.400008028    
   86.399992196    
   86.399989595    
   86.399993362    
   86.399995683    
   86.400020272    
   86.399985827    
   86.399989236    
   86.400001629    
   86.399979167    
   86.399964030    
   86.400013096    
   86.400001345    
   86.399994214    
   86.400033727    
   86.399981701    
   86.399975534    
   86.400002332    
   86.400023860    
   86.399991389    
   86.399955374    
   86.400010315    
   86.399993811    
   86.400009329    
   86.400032740    
   86.400023740    
   86.399992959    
   86.399979549    
   86.399977755    
   86.399989057    
   86.399989191    
   86.400001659    
   86.400022245    
   86.399950127    
   86.399950845    
   86.400014150    
   86.399972126    
   86.399973270    
   86.399984661    
   86.399995280    
   86.400009295    
   86.399995336    
   86.400003050    
   86.399983563    
   86.399995156    
   86.399982598    
   86.400003947    
   86.399987801    
   86.400011123    
   86.399978450    
   86.400010764    
   86.400002512    
   86.400029780    
   86.399998655    
   86.399991837    
   86.400004664    
   86.400004805    
   86.399991209    
   86.399994797    
   86.400006884    
   86.400027314    
   86.400004238    
   86.400042876    
   86.400006458    
   86.399999462    
   86.399988877    
   86.399980797    
   86.399990133    
   86.399998206    
   86.399996681    
   86.400011437    
   86.399988339    
   86.400004306    
   86.399988339    
   86.399999327    
   86.400021348    
   86.400033009    
   86.399990761    
   86.400025116    
   86.399985110    
   86.399993542    
   86.400015967    
   86.400009329    
   86.399969592    
   86.400032292    
   86.399982239    
   86.400030901    
   86.400036597    
   86.399989460    
   86.400027986    
   86.400025833    
   86.399955868    
   86.399982419    
   86.400028255    
   86.400001345    
   86.399995784    
   86.399985827    
   86.399987778    
   86.399998968    
   86.400020126    
   86.400002629    
   86.399987352    
   86.400007624    
   86.400028794    
   86.400012872    
   86.400007624    
   86.400020407    
   86.400004575    
   86.399988563    
   86.400007400    
   86.400015787    
   86.400012199    
   86.400003588    
   86.399988608    
   86.399995156    
   86.399997130    
   86.399984796    
   86.400006817    
   86.400015249    
   86.400032471    
   86.399985984    
   86.400011055    
   86.400002960    
   86.400020631    
   86.400001435    
   86.399989774    
   86.400041621    
   86.399964120    
   86.400013993    
   86.400004126    
   86.400008970    
   86.399986007    
   86.399994618    
   86.399983495    
   86.399986904    
   86.399987442    
   86.399997528    
   86.399992106    
   86.400019196    
   86.399963044    
   86.400033393    
   86.399970399    
   86.400024757    
   86.400005113    
   86.400013276    
   86.399960532    
   86.399984751    
   86.399988518    
   86.399991927    
   86.399975355    
   86.400012109    
   86.400023501    
   86.400016684    
   86.399997488    
   86.399979369    
   86.399964748    
   86.400029438    
   86.400074944    
   86.400013634    
   86.399968067    
   86.400004171    
   86.400018949    
   86.400007535    
   86.399994977    
   86.400012379    
   86.399982867    
   86.400016370    
   86.399978113    
   86.400004216    
   86.399971072    
   86.399990492    
   86.400005741    
   86.399968471    
   86.399992689    
   86.400010226    
   86.399967977    
   86.399986926    
   86.400033189    
   86.399991944    
   86.399975243    
   86.400015339    
   86.400001973    
   86.400004272    
   86.399983663    
   86.399996412    
   86.400018837    
   86.399996053    
   86.399989954    
   86.399994607    
   86.400012020    
   86.400001435    
   86.399985687    
   86.399992824    
   86.399998744    
   86.399997713    
   86.400025026    
   86.400003409    
   86.400018119    
   86.400003588    
   86.400005023    
   86.399982262    
   86.399997130    
   86.400002960    
   86.399993183    
   86.399975961    
   86.400019644    
   86.400024107    
   86.399986052    
   86.400001973    
   86.399974705    
   86.400006391    
   86.400002063    
   86.400008252    
   86.399967910    
   86.399982598    
   86.399983944    
   86.400021528    
   86.400033413    
   86.399996681    
   86.400028121    
   86.399968515    
   86.400027047    
   86.400034176    
   86.399993721    
   86.399988967    
   86.400029421    
   86.400035521    
   86.399984347    
   86.400017222    
   86.399999462    
   86.399998744    
   86.400010764    
   86.400027812    
   86.400013365    
   86.399997847    
   86.400012805    
   86.399992465    
   86.400013410    
   86.400005741    
   86.399978831    
   86.399968426    
   86.400009688    
   86.400016594    
   86.399989954    
   86.400024757    
   86.399974884    
   86.400043863    
   86.400013724    
   86.400002489    
   86.399996771    
   86.399978831    
   86.400012558    
   86.400010966    
   86.399992465    
   86.400030677    
   86.400022245    
   86.400029164    
   86.400014520    
   86.399987442    
   86.400008566    
   86.400041621    
   86.400033727    
   86.399967529    
   86.399988126    
   86.399978293    
   86.400020810    
   86.399962461    
   86.399955330    
   86.400026820    
   86.400000493    
   86.399981926    
   86.400027179    
   86.399995515    
   86.399990116    
   86.400018792    
   86.400003947    
   86.400003588    
   86.399978696    
   86.400029466    
   86.400014083    
   86.400031036    
   86.400015428    
   86.400021102    
   86.399991748    
   86.400012558    
   86.399969861    
   86.400027672    
   86.399982778    
   86.400024398    
   86.400007176    
   86.400006907    
   86.400043145    
   86.400024802    
   86.400009329    
   86.400013724    
   86.399984123    
   86.399949454    
   86.400016505    
   86.400017402    
   86.399998825    
   86.399998673    
   86.399994618    
   86.400012379    
   86.399978113    
   86.400011392    
   86.399995156    
   86.399974525    
   86.399995156    
   86.399993542    
   86.400020810    
   86.399983495    
   86.399962326    
   86.400026013    
   86.400004844    
   86.400020810    
   86.400006997    
   86.400008230    
   86.400013276    
   86.399974985    
   86.400030453    
   86.400015114    
   86.400000897    
   86.399996950    
   86.399987083    
   86.399997937    
   86.400020003    
   86.399988294    
   86.399999103    
   86.400030677    
   86.399970623    
   86.399949544    
   86.400019824    
   86.399981163    
   86.399979907    
   86.400014621    
   86.399968358    
   86.400039019    
   86.400002870    
   86.400002893    
   86.400044850    
   86.400000897    
   86.400023501    
   86.400006548    
   86.400006548    
   86.399987083    
   86.400008252    
   86.400015608    
   86.400003857    
   86.399970534    
   86.400002254    
   86.400008342    
   86.400010719    
   86.400001301    
   86.399986904    
   86.399989057    
   86.399992914    
   86.400040118    
   86.400034803    
   86.400030139    
   86.399993183    
   86.399997130    
   86.400043729    
   86.399965780    
   86.399978517    
   86.400016415    
   86.400002444    
   86.400001345    
   86.399990492    
   86.400013814    
   86.399967551    
   86.400027400    
   86.400013029    
   86.399989954    
   86.399976902    
   86.399988675    
   86.400041082    
   86.399979190    
   86.399960891    
   86.399994125    
   86.400028188    
   86.400010764    
   86.399981410    
   86.399991568    
   86.399992824    
   86.399966991    
   86.400014374    
   86.399967888    
   86.399981881    
   86.400001020    
   86.399994842    
   86.400008925    
   86.400019106    
   86.399995694    
   86.399973628    
   86.399995336    
   86.400010450    
   86.400019779    
   86.399953356    
   86.399998924    
   86.400010226    
   86.400019016    
   86.400017222    
   86.399997130    
   86.399991568    
   86.399997219    
   86.399979010    
   86.399982419    
   86.399999282    
   86.399961788    
   86.400010764    
   86.400002512    
   86.400000359    
   86.399998598    
   86.399986411    
   86.399977575    
   86.400026910    
   86.400021186    
   86.399989954    
   86.399985110    
   86.400005561    
   86.399990671    
   86.399999821    
   86.400018119    
   86.400041239    
   86.400023588    
   86.400021853    
   86.400002153    
   86.399993228    
   86.399992555    
   86.400003947    
   86.400023053    
   86.399970893    
   86.399978113    
   86.400045209    
   86.400028749    
   86.399984617    
   86.400004664    
   86.399989236    
   86.399982778    
   86.399984482    
   86.400024039    
   86.399965555    
   86.400006638    
   86.399988967    
   86.399965555    
   86.400012356    
   86.399965555    
   86.400000448    
   86.400012917    
   86.400008432    
   86.399996457    
   86.399977530    
   86.399989595    
   86.399992465    
   86.400000090    
   86.399987599    
   86.400024039    
   86.399990828    
   86.399972911    
   86.399984033    
   86.399984930    
   86.400034131    
   86.400002534    
   86.400020451    
   86.399974256    
   86.400004362    
   86.399996704    
   86.400018119    
   86.400048438    
   86.400002198    
   86.400021528    
   86.400014083    
   86.399963403    
   86.400013769    
   86.400021348    
   86.399998475    
   86.400011123    
   86.399966363    
   86.400007176    
   86.400007837    
   86.400023322    
   86.399972911    
   86.399983114    
   86.399975512    
   86.400012199    
   86.400010764    
   86.399980401    
   86.400000090    
   86.400004664    
   86.400004485    
   86.399996143    
   86.400040634    
   86.399987801    
   86.399983495    
   86.399998565    
   86.399967708    
   86.399982598    
   86.400004216    
   86.399986007    
   86.399988788    
   86.399982598    
   86.399987958    
   86.400007535    
   86.400005203    
   86.399998924    
   86.399988518    
   86.400025116    
   86.400030812    
   86.400028435    
   86.399999731    
   86.400006458    
   86.399956574    
   86.399962954    
   86.399983854    
   86.399993542    
   86.400033368    
   86.399994739    
   86.399984213    
   86.399950396    
   86.399941875    
   86.399986724    
   86.399979167    
   86.399968426    
   86.400014397    
   86.399956047    
   86.400018254    
   86.400002870    
   86.400016415    
   86.399995336    
   86.399990952    
   86.399986231    
   86.399997399    
   86.400010136    
   86.399972462    
   86.400004485    
   86.400020093    
   86.399987442    
   86.399983316    
   86.400016864    
   86.399959546    
   86.400006100    
   86.400031305    
   86.399983450    
   86.399973045    
   86.399994170    
   86.400015159    
   86.400041621    
   86.400008062    
   86.400005741    
   86.399983585    
   86.399970130    
   86.400021887    
   86.400025475    
   86.400033009    
   86.399991299    
   86.400007938    
   86.399986338    
   86.400018299    
   86.399968785    
   86.399991030    
   86.400000314    
   86.400004664    
   86.400001973    
   86.399999731    
   86.400030408    
   86.399996098    
   86.399971834    
   86.400010585    
   86.400030632    
   86.399985760    
   86.399983675    
   86.400022963    
   86.399973449    
   86.399990626    
   86.400019016    
   86.400019734    
   86.399976745    
   86.399996589    
   86.400020990    
   86.399984886    
   86.400031215    
   86.399979907    
   86.399986545    
   86.399998655    
   86.399992050    
   86.399966273    
   86.400013814    
   86.400006817    
   86.400019196    
   86.400009329    
   86.399995739    
   86.400003588    
   86.400003767    
   86.400016864    
   86.399980625    
   86.400028345    
   86.399992465    
   86.399997668    
   86.400016056    
   86.400006055    
   86.400011930    
   86.400017200    
   86.399994259    
   86.399982419    
   86.399986366    
   86.399984964    
   86.400034366    
   86.399985827    
   86.399979010    
   86.399985469    
   86.399999013    
   86.400027986    
   86.399968605    
   86.400015070    
   86.399982901    
   86.400003588    
   86.400008521    
   86.400041262    
   86.400017901    
   86.399993183    
   86.400006307    
   86.400042338    
   86.399995336    
   86.399991748    
   86.400017491    
   86.400033009    
   86.399990413    
   86.400018254    
   86.399998520    
   86.400030857    
   86.399972014    
   86.399997825    
   86.400008432    
   86.400008791    
   86.400014173    
   86.399992555    
   86.399986455    
   86.399990671    
   86.399972911    
   86.399960443    
   86.399987274    
   86.399951652    
   86.399961923    
   86.399982957    
   86.400040903    
   86.399993900    
   86.400043056    
   86.400038571    
   86.400007535    
   86.400028166    
   86.399968179    
   86.399989415    
   86.400008163    
   86.400016684    
   86.399995134    
   86.400029242    
   86.399977575    
   86.400014800    
   86.399983002    
   86.400014352    
   86.400027762    
   86.399966878    
   86.400033592    
   86.400011033    
   86.400029780    
   86.399981343    
   86.399960173    
   86.400017043    
   86.399987083    
   86.400007535    
   86.400039468    
   86.399958640    
   86.399990851    
   86.400029595    
   86.400015070    
   86.400030677    
   86.399975838    
   86.400015428    
   86.399978903    
   86.400025968    
   86.399990115    
   86.399990671    
   86.399982957    
   86.399989236    
   86.400025206    
   86.400006189    
   86.400042787    
   86.400025833    
   86.400033996    
   86.400003005    
   86.399989146    
   86.400007804    
   86.399997668    
   86.399974256    
   86.399985379    
   86.399997130    
   86.399958469    
   86.400011033    
   86.399966004    
   86.399989236    
   86.400003132    
   86.400000090    
   86.400038930    
   86.400027269    
   86.400014890    
   86.399995829    
   86.400024757    
   86.399987083    
   86.399964658    
   86.399979549    
   86.400020037    
   86.400028704    
   86.400007580    
   86.399998834    
   86.399975781    
   86.400031215    
   86.399942234    
   86.399993362    
   86.400025026    
   86.400051308    
   86.399984930    
   86.400015339    
   86.399996120    
   86.399978405    
   86.400003857    
   86.399989102    
   86.400025833    
   86.400008970    
   86.400023681    
   86.400026910    
   86.399999103    
   86.399982329    
   86.400023501    
   86.400005023    
   86.400003229    
   86.400015944    
   86.400007355    
   86.399984706    
   86.400000942    
   86.399997331    
   86.400001615    
   86.400040903    
   86.400000269    
   86.399994349    
   86.399998666    
   86.399993699    
   86.400022515    
   86.399992151    
   86.399992196    
   86.400040925    
   86.400034602    
   86.399972373    
   86.400014273    
   86.399997130    
   86.399991120    
   86.400007355    
   86.400013365    
   86.400021887    
   86.399985738    
   86.400002332    
   86.399993003    
   86.399997130    
   86.400008073    
   86.400019913    
   86.399992465    
   86.399986186    
   86.400037584    
   86.399983495    
   86.400001435    
   86.400041486    
   86.399991008    
   86.399986186    
   86.399962057    
   86.399986007    
   86.399991209    
   86.399972642    
   86.400047272    
   86.400047720    
   86.399978382    
   86.399992914    
   86.399991479    
   86.400007355    
   86.400001749    
   86.399958514    
   86.400019554    
   86.399990223    
   86.400016622    
   86.399963986    
   86.399975826    
   86.400039199    
   86.399986276    
   86.400010495    
   86.399999753    
   86.400021875    
   86.400021528    
   86.400017671    
   86.400017312    
   86.400012558    
   86.399997130    
   86.399975624    
   86.400023389    
   86.400017043    
   86.399975961    
   86.400004485    
   86.400014318    
   86.399998744    
   86.399972731    
   86.399982150    
   86.399993542    
   86.399991748    
   86.399973090    
   86.400004575    
   86.400001828    
   86.399970668    
   86.400001794    
   86.400015070    
   86.399996143    
   86.399996502    
   86.399989954    
   86.399958200    
   86.400025295    
   86.399997802    
   86.399966094    
   86.400013455    
   86.400009508    
   86.399981970    
   86.400009688    
   86.399999641    
   86.399995358    
   86.399993508    
   86.399970399    
   86.399990671    
   86.400000718    
   86.400015182    
   86.399993452    
   86.399984572    
   86.400011840    
   86.400000807    
   86.400017222    
   86.399965197    
   86.399963313    
   86.400003184    
   86.399990312    
   86.400006638    
   86.399952280    
   86.400011302    
   86.400017849    
   86.399989124    
   86.399980804    
   86.400018927    
   86.399989572    
   86.400009351    
   86.399984392    
   86.399985693    
   86.399967540    
   86.400001794    
   86.400001727    
   86.399987442    
   86.400027807    
   86.399986007    
   86.399984025    
   86.400013814    
   86.399973000    
   86.399997780    
   86.400010943    
   86.400007355    
   86.399986814    
   86.399991254    
   86.399965197    
   86.399988877    
   86.399978113    
   86.399992645    
   86.400013276    
   86.399997399    
   86.400040488    
   86.400004620    
   86.399998901    
   86.400014083    
   86.400004446    
   86.400020451    
   86.400011123    
   86.400034445    
   86.399968426    
   86.400008970    
   86.399990133    
   86.399999282    
   86.399967798    
   86.399999955    
   86.400026192    
   86.399973270    
   86.399993721    
   86.400016101    
   86.399991389    
   86.399967349    
   86.399987913    
   86.399998206    
   86.399972731    
   86.400008432    
   86.399994943    
   86.400011840    
   86.399991748    
   86.400012020    
   86.399973197    
   86.400027252    
   86.400010674    
   86.399981253    
   86.399998744    
   86.400000247    
   86.400010786    
   86.399994528    
   86.399951203    
   86.399990671    
   86.399992106    
   86.399978472    
   86.400030498    
   86.399995809    
   86.400020272    
   86.400042159    
   86.400028345    
   86.400008970    
   86.399995336    
   86.399980625    
   86.399945665    
   86.400004754    
   86.400002870    
   86.400004306    
   86.400003409    
   86.399977037    
   86.400020990    
   86.399982666    
   86.400007266    
   86.400014531    
   86.400007535    
   86.399963134    
   86.399984033    
   86.399978831    
   86.400027717    
   86.399981073    
   86.399985020    
   86.400048079    
   86.399995694    
   86.400050860    
   86.400010495    
   86.399974794    
   86.400023860    
   86.399966452    
   86.399996053    
   86.400005920    
   86.399986881    
   86.400010046    
   86.400007423    
   86.399973090    
   86.400017402    
   86.400004485    
   86.400024779    
   86.400011616    
   86.400022288    
   86.400009329    
   86.399996143    
   86.400028883    
   86.399940484    
   86.400014711    
   86.400006178    
   86.399996771    
