ppc0000	426900.0	6654800.0	129.505046845	1	1	1	86.4	8.64	0.2	1e-05
ppc0001	426900.0	6654825.0	130.062351225	1	1	1	86.4	8.64	0.2	1e-05
ppc0002	426900.0	6654850.0	130.8585968	1	1	1	86.4	8.64	0.2	1e-05
ppc0003	426900.0	6654875.0	131.71225357	1	1	1	86.4	8.64	0.2	1e-05
ppc0004	426900.0	6654900.0	131.63895035000002	1	1	1	86.4	8.64	0.2	1e-05
ppc0005	426925.0	6654775.0	129.38370514000002	1	1	1	86.4	8.64	0.2	1e-05
ppc0006	426925.0	6654800.0	129.514598845	1	1	1	86.4	8.64	0.2	1e-05
ppc0007	426925.0	6654825.0	130.588798525	1	1	1	86.4	8.64	0.2	1e-05
ppc0008	426925.0	6654850.0	130.642398835	1	1	1	86.4	8.64	0.2	1e-05
ppc0009	426925.0	6654875.0	131.536445615	1	1	1	86.4	8.64	0.2	1e-05
ppc0010	426925.0	6654900.0	131.968299865	1	1	1	86.4	8.64	0.2	1e-05
ppc0011	426925.0	6654925.0	131.05490112500001	1	1	1	86.4	8.64	0.2	1e-05
ppc0012	426950.0	6654750.0	129.349395755	1	1	1	86.4	8.64	0.2	1e-05
ppc0013	426950.0	6654775.0	129.313396455	1	1	1	86.4	8.64	0.2	1e-05
ppc0014	426950.0	6654800.0	129.36899948	1	1	1	86.4	8.64	0.2	1e-05
ppc0015	426950.0	6654825.0	130.855651855	1	1	1	86.4	8.64	0.2	1e-05
ppc0016	426950.0	6654850.0	131.27120209	1	1	1	86.4	8.64	0.2	1e-05
ppc0017	426950.0	6654875.0	131.659202575	1	1	1	86.4	8.64	0.2	1e-05
ppc0018	426950.0	6654900.0	131.998199465	1	1	1	86.4	8.64	0.2	1e-05
ppc0019	426950.0	6654925.0	130.950901035	1	1	1	86.4	8.64	0.2	1e-05
ppc0020	426950.0	6654950.0	131.670547485	1	1	1	86.4	8.64	0.2	1e-05
ppc0021	426975.0	6654725.0	129.53970337	1	1	1	86.4	8.64	0.2	1e-05
ppc0022	426975.0	6654750.0	129.26054764	1	1	1	86.4	8.64	0.2	1e-05
ppc0023	426975.0	6654775.0	129.25059891	1	1	1	86.4	8.64	0.2	1e-05
ppc0024	426975.0	6654800.0	129.295146945	1	1	1	86.4	8.64	0.2	1e-05
ppc0025	426975.0	6654825.0	131.031547545	1	1	1	86.4	8.64	0.2	1e-05
ppc0026	426975.0	6654850.0	131.58454895	1	1	1	86.4	8.64	0.2	1e-05
ppc0027	426975.0	6654875.0	131.87855148	1	1	1	86.4	8.64	0.2	1e-05
ppc0028	426975.0	6654900.0	131.812747955	1	1	1	86.4	8.64	0.2	1e-05
ppc0029	426975.0	6654925.0	131.149650575	1	1	1	86.4	8.64	0.2	1e-05
ppc0030	426975.0	6654950.0	131.340148925	1	1	1	86.4	8.64	0.2	1e-05
ppc0031	426975.0	6654975.0	131.74974823	1	1	1	86.4	8.64	0.2	1e-05
ppc0032	427000.0	6654725.0	129.33385085999998	1	1	1	86.4	8.64	0.2	1e-05
ppc0033	427000.0	6654750.0	129.27065277	1	1	1	86.4	8.64	0.2	1e-05
ppc0034	427000.0	6654775.0	129.311496735	1	1	1	86.4	8.64	0.2	1e-05
ppc0035	427000.0	6654800.0	129.33984756499999	1	1	1	86.4	8.64	0.2	1e-05
ppc0036	427000.0	6654825.0	130.83519745	1	1	1	86.4	8.64	0.2	1e-05
ppc0037	427000.0	6654850.0	131.757751465	1	1	1	86.4	8.64	0.2	1e-05
ppc0038	427000.0	6654875.0	132.027900695	1	1	1	86.4	8.64	0.2	1e-05
ppc0039	427000.0	6654900.0	132.17370224	1	1	1	86.4	8.64	0.2	1e-05
ppc0040	427000.0	6654925.0	130.952552795	1	1	1	86.4	8.64	0.2	1e-05
ppc0041	427000.0	6654950.0	131.451396945	1	1	1	86.4	8.64	0.2	1e-05
ppc0042	427000.0	6654975.0	131.44984436	1	1	1	86.4	8.64	0.2	1e-05
ppc0043	427000.0	6655000.0	132.087501525	1	1	1	86.4	8.64	0.2	1e-05
ppc0044	427025.0	6654725.0	129.42920303	1	1	1	86.4	8.64	0.2	1e-05
ppc0045	427025.0	6654750.0	129.302848815	1	1	1	86.4	8.64	0.2	1e-05
ppc0046	427025.0	6654775.0	129.2602005	1	1	1	86.4	8.64	0.2	1e-05
ppc0047	427025.0	6654800.0	129.34704971	1	1	1	86.4	8.64	0.2	1e-05
ppc0048	427025.0	6654825.0	131.23845291	1	1	1	86.4	8.64	0.2	1e-05
ppc0049	427025.0	6654850.0	131.60610199	1	1	1	86.4	8.64	0.2	1e-05
ppc0050	427025.0	6654875.0	132.36035156	1	1	1	86.4	8.64	0.2	1e-05
ppc0051	427025.0	6654900.0	132.229248045	1	1	1	86.4	8.64	0.2	1e-05
ppc0052	427025.0	6654925.0	131.288497925	1	1	1	86.4	8.64	0.2	1e-05
ppc0053	427025.0	6654950.0	131.452297215	1	1	1	86.4	8.64	0.2	1e-05
ppc0054	427025.0	6654975.0	131.3037529	1	1	1	86.4	8.64	0.2	1e-05
ppc0055	427025.0	6655000.0	132.35274887	1	1	1	86.4	8.64	0.2	1e-05
ppc0056	427025.0	6655025.0	132.81539916999998	1	1	1	86.4	8.64	0.2	1e-05
ppc0057	427050.0	6654725.0	129.614398955	1	1	1	86.4	8.64	0.2	1e-05
ppc0058	427050.0	6654750.0	129.346248625	1	1	1	86.4	8.64	0.2	1e-05
ppc0059	427050.0	6654775.0	129.19445038	1	1	1	86.4	8.64	0.2	1e-05
ppc0060	427050.0	6654800.0	129.470603945	1	1	1	86.4	8.64	0.2	1e-05
ppc0061	427050.0	6654825.0	131.525699615	1	1	1	86.4	8.64	0.2	1e-05
ppc0062	427050.0	6654850.0	132.19890213	1	1	1	86.4	8.64	0.2	1e-05
ppc0063	427050.0	6654875.0	132.43214798	1	1	1	86.4	8.64	0.2	1e-05
ppc0064	427050.0	6654900.0	132.348945615	1	1	1	86.4	8.64	0.2	1e-05
ppc0065	427050.0	6654925.0	131.71765137	1	1	1	86.4	8.64	0.2	1e-05
ppc0066	427050.0	6654950.0	130.503845215	1	1	1	86.4	8.64	0.2	1e-05
ppc0067	427050.0	6654975.0	131.888496395	1	1	1	86.4	8.64	0.2	1e-05
ppc0068	427050.0	6655000.0	132.48510361	1	1	1	86.4	8.64	0.2	1e-05
ppc0069	427050.0	6655025.0	132.94654846	1	1	1	86.4	8.64	0.2	1e-05
ppc0070	427075.0	6654725.0	129.551353455	1	1	1	86.4	8.64	0.2	1e-05
ppc0071	427075.0	6654750.0	129.21024703999998	1	1	1	86.4	8.64	0.2	1e-05
ppc0072	427075.0	6654775.0	129.31420135500002	1	1	1	86.4	8.64	0.2	1e-05
ppc0073	427075.0	6654800.0	129.50454711499998	1	1	1	86.4	8.64	0.2	1e-05
ppc0074	427075.0	6654825.0	131.934497835	1	1	1	86.4	8.64	0.2	1e-05
ppc0075	427075.0	6654850.0	132.55155182	1	1	1	86.4	8.64	0.2	1e-05
ppc0076	427075.0	6654875.0	132.65240097	1	1	1	86.4	8.64	0.2	1e-05
ppc0077	427075.0	6654900.0	132.607746125	1	1	1	86.4	8.64	0.2	1e-05
ppc0078	427075.0	6654925.0	132.10784912	1	1	1	86.4	8.64	0.2	1e-05
ppc0079	427075.0	6654950.0	130.58570099	1	1	1	86.4	8.64	0.2	1e-05
ppc0080	427075.0	6654975.0	132.237895965	1	1	1	86.4	8.64	0.2	1e-05
ppc0081	427075.0	6655000.0	133.00105285499998	1	1	1	86.4	8.64	0.2	1e-05
ppc0082	427075.0	6655025.0	133.695251465	1	1	1	86.4	8.64	0.2	1e-05
ppc0083	427100.0	6654725.0	130.15914917	1	1	1	86.4	8.64	0.2	1e-05
ppc0084	427100.0	6654750.0	129.915798185	1	1	1	86.4	8.64	0.2	1e-05
ppc0085	427100.0	6654775.0	129.58774947999999	1	1	1	86.4	8.64	0.2	1e-05
ppc0086	427100.0	6654800.0	129.82929993	1	1	1	86.4	8.64	0.2	1e-05
ppc0087	427100.0	6654825.0	132.103652955	1	1	1	86.4	8.64	0.2	1e-05
ppc0088	427100.0	6654850.0	133.10000229	1	1	1	86.4	8.64	0.2	1e-05
ppc0089	427100.0	6654875.0	132.874248505	1	1	1	86.4	8.64	0.2	1e-05
ppc0090	427100.0	6654900.0	133.076946255	1	1	1	86.4	8.64	0.2	1e-05
ppc0091	427100.0	6654925.0	132.743099215	1	1	1	86.4	8.64	0.2	1e-05
ppc0092	427100.0	6654950.0	130.47909927	1	1	1	86.4	8.64	0.2	1e-05
ppc0093	427100.0	6654975.0	133.10165405499998	1	1	1	86.4	8.64	0.2	1e-05
ppc0094	427100.0	6655000.0	133.675601955	1	1	1	86.4	8.64	0.2	1e-05
ppc0095	427100.0	6655025.0	134.10535049499998	1	1	1	86.4	8.64	0.2	1e-05
ppc0096	427125.0	6654725.0	130.481601715	1	1	1	86.4	8.64	0.2	1e-05
ppc0097	427125.0	6654750.0	130.29274749500001	1	1	1	86.4	8.64	0.2	1e-05
ppc0098	427125.0	6654775.0	130.19000244	1	1	1	86.4	8.64	0.2	1e-05
ppc0099	427125.0	6654800.0	130.55814743000002	1	1	1	86.4	8.64	0.2	1e-05
ppc0100	427125.0	6654825.0	132.422100065	1	1	1	86.4	8.64	0.2	1e-05
ppc0101	427125.0	6654850.0	133.55924987999998	1	1	1	86.4	8.64	0.2	1e-05
ppc0102	427125.0	6654875.0	133.884304045	1	1	1	86.4	8.64	0.2	1e-05
ppc0103	427125.0	6654900.0	133.48500061	1	1	1	86.4	8.64	0.2	1e-05
ppc0104	427125.0	6654925.0	133.362247465	1	1	1	86.4	8.64	0.2	1e-05
ppc0105	427125.0	6654950.0	131.12050247000002	1	1	1	86.4	8.64	0.2	1e-05
ppc0106	427125.0	6654975.0	132.674896245	1	1	1	86.4	8.64	0.2	1e-05
ppc0107	427125.0	6655000.0	133.75810242	1	1	1	86.4	8.64	0.2	1e-05
ppc0108	427125.0	6655025.0	134.51474761999998	1	1	1	86.4	8.64	0.2	1e-05
ppc0109	427150.0	6654725.0	130.594547275	1	1	1	86.4	8.64	0.2	1e-05
ppc0110	427150.0	6654750.0	130.68930054	1	1	1	86.4	8.64	0.2	1e-05
ppc0111	427150.0	6654775.0	130.91400146499998	1	1	1	86.4	8.64	0.2	1e-05
ppc0112	427150.0	6654800.0	131.413398745	1	1	1	86.4	8.64	0.2	1e-05
ppc0113	427150.0	6654825.0	132.270851135	1	1	1	86.4	8.64	0.2	1e-05
ppc0114	427150.0	6654850.0	132.66939925999998	1	1	1	86.4	8.64	0.2	1e-05
ppc0115	427150.0	6654875.0	133.58070373500001	1	1	1	86.4	8.64	0.2	1e-05
ppc0116	427150.0	6654900.0	134.114002225	1	1	1	86.4	8.64	0.2	1e-05
ppc0117	427150.0	6654925.0	133.720500945	1	1	1	86.4	8.64	0.2	1e-05
ppc0118	427150.0	6654950.0	131.131801605	1	1	1	86.4	8.64	0.2	1e-05
ppc0119	427150.0	6654975.0	133.281547545	1	1	1	86.4	8.64	0.2	1e-05
ppc0120	427150.0	6655000.0	133.80654907000002	1	1	1	86.4	8.64	0.2	1e-05
ppc0121	427150.0	6655025.0	135.35025024499998	1	1	1	86.4	8.64	0.2	1e-05
ppc0122	427175.0	6654725.0	132.35540008499999	1	1	1	86.4	8.64	0.2	1e-05
ppc0123	427175.0	6654750.0	131.20475388	1	1	1	86.4	8.64	0.2	1e-05
ppc0124	427175.0	6654775.0	131.152103425	1	1	1	86.4	8.64	0.2	1e-05
ppc0125	427175.0	6654800.0	131.21739578	1	1	1	86.4	8.64	0.2	1e-05
ppc0126	427175.0	6654825.0	132.12345123	1	1	1	86.4	8.64	0.2	1e-05
ppc0127	427175.0	6654850.0	134.448547365	1	1	1	86.4	8.64	0.2	1e-05
ppc0128	427175.0	6654875.0	135.735404965	1	1	1	86.4	8.64	0.2	1e-05
ppc0129	427175.0	6654900.0	136.27405548500002	1	1	1	86.4	8.64	0.2	1e-05
ppc0130	427175.0	6654925.0	134.859199525	1	1	1	86.4	8.64	0.2	1e-05
ppc0131	427175.0	6654950.0	131.352149965	1	1	1	86.4	8.64	0.2	1e-05
ppc0132	427175.0	6654975.0	132.14935303	1	1	1	86.4	8.64	0.2	1e-05
ppc0133	427175.0	6655000.0	134.87660217	1	1	1	86.4	8.64	0.2	1e-05
ppc0134	427175.0	6655025.0	135.41960144	1	1	1	86.4	8.64	0.2	1e-05
ppc0135	427175.0	6655050.0	136.402900695	1	1	1	86.4	8.64	0.2	1e-05
ppc0136	427200.0	6654725.0	133.427101135	1	1	1	86.4	8.64	0.2	1e-05
ppc0137	427200.0	6654750.0	131.454502105	1	1	1	86.4	8.64	0.2	1e-05
ppc0138	427200.0	6654775.0	131.23970032	1	1	1	86.4	8.64	0.2	1e-05
ppc0139	427200.0	6654800.0	131.63829803	1	1	1	86.4	8.64	0.2	1e-05
ppc0140	427200.0	6654825.0	132.394245145	1	1	1	86.4	8.64	0.2	1e-05
ppc0141	427200.0	6654850.0	134.82614898499997	1	1	1	86.4	8.64	0.2	1e-05
ppc0142	427200.0	6654875.0	136.566543575	1	1	1	86.4	8.64	0.2	1e-05
ppc0143	427200.0	6654900.0	136.66275024499998	1	1	1	86.4	8.64	0.2	1e-05
ppc0144	427200.0	6654925.0	132.83180237	1	1	1	86.4	8.64	0.2	1e-05
ppc0145	427200.0	6654950.0	131.852500915	1	1	1	86.4	8.64	0.2	1e-05
ppc0146	427200.0	6654975.0	134.97729492	1	1	1	86.4	8.64	0.2	1e-05
ppc0147	427200.0	6655000.0	135.6542511	1	1	1	86.4	8.64	0.2	1e-05
ppc0148	427200.0	6655025.0	136.54294586	1	1	1	86.4	8.64	0.2	1e-05
ppc0149	427200.0	6655050.0	137.546195985	1	1	1	86.4	8.64	0.2	1e-05
ppc0150	427200.0	6655075.0	137.359199525	1	1	1	86.4	8.64	0.2	1e-05
ppc0151	427225.0	6654725.0	134.25399780499998	1	1	1	86.4	8.64	0.2	1e-05
ppc0152	427225.0	6654750.0	132.106452945	1	1	1	86.4	8.64	0.2	1e-05
ppc0153	427225.0	6654775.0	132.13030243	1	1	1	86.4	8.64	0.2	1e-05
ppc0154	427225.0	6654800.0	132.505348205	1	1	1	86.4	8.64	0.2	1e-05
ppc0155	427225.0	6654825.0	133.235797885	1	1	1	86.4	8.64	0.2	1e-05
ppc0156	427225.0	6654850.0	135.61450195499998	1	1	1	86.4	8.64	0.2	1e-05
ppc0157	427225.0	6654875.0	136.80519866999998	1	1	1	86.4	8.64	0.2	1e-05
ppc0158	427225.0	6654900.0	133.377052305	1	1	1	86.4	8.64	0.2	1e-05
ppc0159	427225.0	6654925.0	132.43014526000002	1	1	1	86.4	8.64	0.2	1e-05
ppc0160	427225.0	6654950.0	132.53164672999998	1	1	1	86.4	8.64	0.2	1e-05
ppc0161	427225.0	6654975.0	135.26725006499998	1	1	1	86.4	8.64	0.2	1e-05
ppc0162	427225.0	6655000.0	136.482704165	1	1	1	86.4	8.64	0.2	1e-05
ppc0163	427225.0	6655025.0	137.6753006	1	1	1	86.4	8.64	0.2	1e-05
ppc0164	427225.0	6655050.0	138.13044739	1	1	1	86.4	8.64	0.2	1e-05
ppc0165	427225.0	6655075.0	138.442253115	1	1	1	86.4	8.64	0.2	1e-05
ppc0166	427225.0	6655100.0	138.46295166	1	1	1	86.4	8.64	0.2	1e-05
ppc0167	427250.0	6654725.0	134.215595245	1	1	1	86.4	8.64	0.2	1e-05
ppc0168	427250.0	6654750.0	132.784950255	1	1	1	86.4	8.64	0.2	1e-05
ppc0169	427250.0	6654775.0	133.35184859999998	1	1	1	86.4	8.64	0.2	1e-05
ppc0170	427250.0	6654800.0	133.4477005	1	1	1	86.4	8.64	0.2	1e-05
ppc0171	427250.0	6654825.0	134.80005646	1	1	1	86.4	8.64	0.2	1e-05
ppc0172	427250.0	6654850.0	136.34680176	1	1	1	86.4	8.64	0.2	1e-05
ppc0173	427250.0	6654875.0	137.98024749500001	1	1	1	86.4	8.64	0.2	1e-05
ppc0174	427250.0	6654900.0	135.89865112500001	1	1	1	86.4	8.64	0.2	1e-05
ppc0175	427250.0	6654925.0	132.04225159	1	1	1	86.4	8.64	0.2	1e-05
ppc0176	427250.0	6654950.0	132.18569946	1	1	1	86.4	8.64	0.2	1e-05
ppc0177	427250.0	6654975.0	134.17544556000001	1	1	1	86.4	8.64	0.2	1e-05
ppc0178	427250.0	6655000.0	136.10794830499998	1	1	1	86.4	8.64	0.2	1e-05
ppc0179	427250.0	6655025.0	137.88289642	1	1	1	86.4	8.64	0.2	1e-05
ppc0180	427250.0	6655050.0	138.1894989	1	1	1	86.4	8.64	0.2	1e-05
ppc0181	427250.0	6655075.0	139.09425354	1	1	1	86.4	8.64	0.2	1e-05
ppc0182	427250.0	6655100.0	139.90869903499998	1	1	1	86.4	8.64	0.2	1e-05
ppc0183	427250.0	6655125.0	140.550750735	1	1	1	86.4	8.64	0.2	1e-05
ppc0184	427275.0	6654725.0	134.903503415	1	1	1	86.4	8.64	0.2	1e-05
ppc0185	427275.0	6654750.0	136.4388504	1	1	1	86.4	8.64	0.2	1e-05
ppc0186	427275.0	6654775.0	135.92894745	1	1	1	86.4	8.64	0.2	1e-05
ppc0187	427275.0	6654800.0	135.78404998500002	1	1	1	86.4	8.64	0.2	1e-05
ppc0188	427275.0	6654825.0	135.918800355	1	1	1	86.4	8.64	0.2	1e-05
ppc0189	427275.0	6654850.0	137.781600955	1	1	1	86.4	8.64	0.2	1e-05
ppc0190	427275.0	6654875.0	138.62319946	1	1	1	86.4	8.64	0.2	1e-05
ppc0191	427275.0	6654900.0	137.147247315	1	1	1	86.4	8.64	0.2	1e-05
ppc0192	427275.0	6654925.0	132.510650635	1	1	1	86.4	8.64	0.2	1e-05
ppc0193	427275.0	6654950.0	131.75225067	1	1	1	86.4	8.64	0.2	1e-05
ppc0194	427275.0	6654975.0	131.772548675	1	1	1	86.4	8.64	0.2	1e-05
ppc0195	427275.0	6655000.0	134.82194519	1	1	1	86.4	8.64	0.2	1e-05
ppc0196	427275.0	6655025.0	137.25259399499998	1	1	1	86.4	8.64	0.2	1e-05
ppc0197	427275.0	6655050.0	138.6825943	1	1	1	86.4	8.64	0.2	1e-05
ppc0198	427275.0	6655075.0	139.680397035	1	1	1	86.4	8.64	0.2	1e-05
ppc0199	427275.0	6655100.0	140.743850705	1	1	1	86.4	8.64	0.2	1e-05
ppc0200	427275.0	6655125.0	141.730049135	1	1	1	86.4	8.64	0.2	1e-05
ppc0201	427275.0	6655150.0	141.80660248	1	1	1	86.4	8.64	0.2	1e-05
ppc0202	427300.0	6654725.0	138.19885254000002	1	1	1	86.4	8.64	0.2	1e-05
ppc0203	427300.0	6654750.0	138.441345215	1	1	1	86.4	8.64	0.2	1e-05
ppc0204	427300.0	6654775.0	138.94429779	1	1	1	86.4	8.64	0.2	1e-05
ppc0205	427300.0	6654800.0	138.1704483	1	1	1	86.4	8.64	0.2	1e-05
ppc0206	427300.0	6654825.0	139.011894225	1	1	1	86.4	8.64	0.2	1e-05
ppc0207	427300.0	6654850.0	139.82099914499997	1	1	1	86.4	8.64	0.2	1e-05
ppc0208	427300.0	6654875.0	139.47140503	1	1	1	86.4	8.64	0.2	1e-05
ppc0209	427300.0	6654900.0	138.170547485	1	1	1	86.4	8.64	0.2	1e-05
ppc0210	427300.0	6654925.0	136.20389557	1	1	1	86.4	8.64	0.2	1e-05
ppc0211	427300.0	6654950.0	133.16169739	1	1	1	86.4	8.64	0.2	1e-05
ppc0212	427300.0	6654975.0	131.524902345	1	1	1	86.4	8.64	0.2	1e-05
ppc0213	427300.0	6655000.0	131.968700405	1	1	1	86.4	8.64	0.2	1e-05
ppc0214	427300.0	6655025.0	136.18119812	1	1	1	86.4	8.64	0.2	1e-05
ppc0215	427300.0	6655050.0	139.03744507	1	1	1	86.4	8.64	0.2	1e-05
ppc0216	427300.0	6655075.0	140.35390472	1	1	1	86.4	8.64	0.2	1e-05
ppc0217	427300.0	6655100.0	141.39074707	1	1	1	86.4	8.64	0.2	1e-05
ppc0218	427300.0	6655125.0	142.114845275	1	1	1	86.4	8.64	0.2	1e-05
ppc0219	427300.0	6655150.0	142.74569702	1	1	1	86.4	8.64	0.2	1e-05
ppc0220	427300.0	6655175.0	143.178253175	1	1	1	86.4	8.64	0.2	1e-05
ppc0221	427325.0	6654725.0	140.904197695	1	1	1	86.4	8.64	0.2	1e-05
ppc0222	427325.0	6654750.0	141.083900455	1	1	1	86.4	8.64	0.2	1e-05
ppc0223	427325.0	6654775.0	140.5569458	1	1	1	86.4	8.64	0.2	1e-05
ppc0224	427325.0	6654800.0	141.08805084	1	1	1	86.4	8.64	0.2	1e-05
ppc0225	427325.0	6654825.0	140.84539795	1	1	1	86.4	8.64	0.2	1e-05
ppc0226	427325.0	6654850.0	140.6174469	1	1	1	86.4	8.64	0.2	1e-05
ppc0227	427325.0	6654875.0	139.25695037999998	1	1	1	86.4	8.64	0.2	1e-05
ppc0228	427325.0	6654900.0	138.18030548000002	1	1	1	86.4	8.64	0.2	1e-05
ppc0229	427325.0	6654925.0	137.244651795	1	1	1	86.4	8.64	0.2	1e-05
ppc0230	427325.0	6654950.0	134.20190430000002	1	1	1	86.4	8.64	0.2	1e-05
ppc0231	427325.0	6654975.0	131.903701785	1	1	1	86.4	8.64	0.2	1e-05
ppc0232	427325.0	6655000.0	132.25019836500002	1	1	1	86.4	8.64	0.2	1e-05
ppc0233	427325.0	6655025.0	135.98310089	1	1	1	86.4	8.64	0.2	1e-05
ppc0234	427325.0	6655050.0	139.18270110999998	1	1	1	86.4	8.64	0.2	1e-05
ppc0235	427325.0	6655075.0	140.50770569	1	1	1	86.4	8.64	0.2	1e-05
ppc0236	427325.0	6655100.0	141.672698975	1	1	1	86.4	8.64	0.2	1e-05
ppc0237	427325.0	6655125.0	142.74295044000002	1	1	1	86.4	8.64	0.2	1e-05
ppc0238	427325.0	6655150.0	143.412597655	1	1	1	86.4	8.64	0.2	1e-05
ppc0239	427325.0	6655175.0	143.72555542	1	1	1	86.4	8.64	0.2	1e-05
ppc0240	427325.0	6655200.0	143.63580322	1	1	1	86.4	8.64	0.2	1e-05
ppc0241	427350.0	6654725.0	141.261047365	1	1	1	86.4	8.64	0.2	1e-05
ppc0242	427350.0	6654750.0	142.570747375	1	1	1	86.4	8.64	0.2	1e-05
ppc0243	427350.0	6654775.0	142.67739868	1	1	1	86.4	8.64	0.2	1e-05
ppc0244	427350.0	6654800.0	142.555000305	1	1	1	86.4	8.64	0.2	1e-05
ppc0245	427350.0	6654825.0	142.524848935	1	1	1	86.4	8.64	0.2	1e-05
ppc0246	427350.0	6654850.0	141.50185394	1	1	1	86.4	8.64	0.2	1e-05
ppc0247	427350.0	6654875.0	140.644996645	1	1	1	86.4	8.64	0.2	1e-05
ppc0248	427350.0	6654900.0	138.45085144	1	1	1	86.4	8.64	0.2	1e-05
ppc0249	427350.0	6654925.0	136.25970459	1	1	1	86.4	8.64	0.2	1e-05
ppc0250	427350.0	6654950.0	133.72969818	1	1	1	86.4	8.64	0.2	1e-05
ppc0251	427350.0	6654975.0	132.762702945	1	1	1	86.4	8.64	0.2	1e-05
ppc0252	427350.0	6655000.0	134.709594725	1	1	1	86.4	8.64	0.2	1e-05
ppc0253	427350.0	6655025.0	138.59899902	1	1	1	86.4	8.64	0.2	1e-05
ppc0254	427350.0	6655050.0	139.67810058499998	1	1	1	86.4	8.64	0.2	1e-05
ppc0255	427350.0	6655075.0	140.54385376	1	1	1	86.4	8.64	0.2	1e-05
ppc0256	427350.0	6655100.0	142.21575165000002	1	1	1	86.4	8.64	0.2	1e-05
ppc0257	427350.0	6655125.0	142.85089874	1	1	1	86.4	8.64	0.2	1e-05
ppc0258	427350.0	6655150.0	142.871444705	1	1	1	86.4	8.64	0.2	1e-05
ppc0259	427350.0	6655175.0	143.12830352499998	1	1	1	86.4	8.64	0.2	1e-05
ppc0260	427350.0	6655200.0	143.295295715	1	1	1	86.4	8.64	0.2	1e-05
ppc0261	427350.0	6655225.0	143.40349579000002	1	1	1	86.4	8.64	0.2	1e-05
ppc0262	427375.0	6654725.0	143.853401185	1	1	1	86.4	8.64	0.2	1e-05
ppc0263	427375.0	6654750.0	142.756599425	1	1	1	86.4	8.64	0.2	1e-05
ppc0264	427375.0	6654775.0	144.40909576500002	1	1	1	86.4	8.64	0.2	1e-05
ppc0265	427375.0	6654800.0	144.163497925	1	1	1	86.4	8.64	0.2	1e-05
ppc0266	427375.0	6654825.0	143.29584503	1	1	1	86.4	8.64	0.2	1e-05
ppc0267	427375.0	6654850.0	142.46500397	1	1	1	86.4	8.64	0.2	1e-05
ppc0268	427375.0	6654875.0	140.68310547	1	1	1	86.4	8.64	0.2	1e-05
ppc0269	427375.0	6654900.0	137.61054993	1	1	1	86.4	8.64	0.2	1e-05
ppc0270	427375.0	6654925.0	136.210105895	1	1	1	86.4	8.64	0.2	1e-05
ppc0271	427375.0	6654950.0	133.662994385	1	1	1	86.4	8.64	0.2	1e-05
ppc0272	427375.0	6654975.0	134.48735046000002	1	1	1	86.4	8.64	0.2	1e-05
ppc0273	427375.0	6655000.0	136.132995605	1	1	1	86.4	8.64	0.2	1e-05
ppc0274	427375.0	6655025.0	139.506851195	1	1	1	86.4	8.64	0.2	1e-05
ppc0275	427375.0	6655050.0	140.090049745	1	1	1	86.4	8.64	0.2	1e-05
ppc0276	427375.0	6655075.0	141.22505188000002	1	1	1	86.4	8.64	0.2	1e-05
ppc0277	427375.0	6655100.0	141.62879943500002	1	1	1	86.4	8.64	0.2	1e-05
ppc0278	427375.0	6655125.0	142.586898805	1	1	1	86.4	8.64	0.2	1e-05
ppc0279	427375.0	6655150.0	143.0651474	1	1	1	86.4	8.64	0.2	1e-05
ppc0280	427375.0	6655175.0	143.451301575	1	1	1	86.4	8.64	0.2	1e-05
ppc0281	427375.0	6655200.0	144.51335144	1	1	1	86.4	8.64	0.2	1e-05
ppc0282	427375.0	6655225.0	145.537902835	1	1	1	86.4	8.64	0.2	1e-05
ppc0283	427375.0	6655250.0	145.42340087999997	1	1	1	86.4	8.64	0.2	1e-05
ppc0284	427400.0	6654750.0	145.473350525	1	1	1	86.4	8.64	0.2	1e-05
ppc0285	427400.0	6654775.0	144.541900635	1	1	1	86.4	8.64	0.2	1e-05
ppc0286	427400.0	6654800.0	143.64110565	1	1	1	86.4	8.64	0.2	1e-05
ppc0287	427400.0	6654825.0	143.8049469	1	1	1	86.4	8.64	0.2	1e-05
ppc0288	427400.0	6654850.0	142.38569640999998	1	1	1	86.4	8.64	0.2	1e-05
ppc0289	427400.0	6654875.0	137.034202575	1	1	1	86.4	8.64	0.2	1e-05
ppc0290	427400.0	6654900.0	135.15184784000002	1	1	1	86.4	8.64	0.2	1e-05
ppc0291	427400.0	6654925.0	134.55545044000002	1	1	1	86.4	8.64	0.2	1e-05
ppc0292	427400.0	6654950.0	135.303649905	1	1	1	86.4	8.64	0.2	1e-05
ppc0293	427400.0	6654975.0	137.307144165	1	1	1	86.4	8.64	0.2	1e-05
ppc0294	427400.0	6655000.0	138.75	1	1	1	86.4	8.64	0.2	1e-05
ppc0295	427400.0	6655025.0	139.671051025	1	1	1	86.4	8.64	0.2	1e-05
ppc0296	427400.0	6655050.0	141.07510376	1	1	1	86.4	8.64	0.2	1e-05
ppc0297	427400.0	6655075.0	141.253593445	1	1	1	86.4	8.64	0.2	1e-05
ppc0298	427400.0	6655100.0	142.218002315	1	1	1	86.4	8.64	0.2	1e-05
ppc0299	427400.0	6655125.0	142.30055237	1	1	1	86.4	8.64	0.2	1e-05
ppc0300	427400.0	6655150.0	144.239105225	1	1	1	86.4	8.64	0.2	1e-05
ppc0301	427400.0	6655175.0	144.628952025	1	1	1	86.4	8.64	0.2	1e-05
ppc0302	427400.0	6655200.0	144.667549135	1	1	1	86.4	8.64	0.2	1e-05
ppc0303	427400.0	6655225.0	144.842651365	1	1	1	86.4	8.64	0.2	1e-05
ppc0304	427400.0	6655250.0	144.95185089	1	1	1	86.4	8.64	0.2	1e-05
ppc0305	427400.0	6655275.0	145.46924590999998	1	1	1	86.4	8.64	0.2	1e-05
ppc0306	427425.0	6654800.0	146.07809448	1	1	1	86.4	8.64	0.2	1e-05
ppc0307	427425.0	6654825.0	143.61869812	1	1	1	86.4	8.64	0.2	1e-05
ppc0308	427425.0	6654850.0	140.96464538499998	1	1	1	86.4	8.64	0.2	1e-05
ppc0309	427425.0	6654875.0	137.16854858	1	1	1	86.4	8.64	0.2	1e-05
ppc0310	427425.0	6654900.0	135.356651305	1	1	1	86.4	8.64	0.2	1e-05
ppc0311	427425.0	6654925.0	139.37210083	1	1	1	86.4	8.64	0.2	1e-05
ppc0312	427425.0	6654950.0	140.12559509	1	1	1	86.4	8.64	0.2	1e-05
ppc0313	427425.0	6654975.0	140.817901615	1	1	1	86.4	8.64	0.2	1e-05
ppc0314	427425.0	6655000.0	141.423248295	1	1	1	86.4	8.64	0.2	1e-05
ppc0315	427425.0	6655025.0	141.63395691	1	1	1	86.4	8.64	0.2	1e-05
ppc0316	427425.0	6655050.0	141.91004943500002	1	1	1	86.4	8.64	0.2	1e-05
ppc0317	427425.0	6655075.0	142.138793945	1	1	1	86.4	8.64	0.2	1e-05
ppc0318	427425.0	6655100.0	142.211448665	1	1	1	86.4	8.64	0.2	1e-05
ppc0319	427425.0	6655125.0	142.586647035	1	1	1	86.4	8.64	0.2	1e-05
ppc0320	427425.0	6655150.0	143.022193905	1	1	1	86.4	8.64	0.2	1e-05
ppc0321	427425.0	6655175.0	143.873146055	1	1	1	86.4	8.64	0.2	1e-05
ppc0322	427425.0	6655200.0	144.3171463	1	1	1	86.4	8.64	0.2	1e-05
ppc0323	427425.0	6655225.0	145.04499816999999	1	1	1	86.4	8.64	0.2	1e-05
ppc0324	427425.0	6655250.0	145.303199765	1	1	1	86.4	8.64	0.2	1e-05
ppc0325	427425.0	6655275.0	145.63190459999998	1	1	1	86.4	8.64	0.2	1e-05
ppc0326	427450.0	6654850.0	142.641700745	1	1	1	86.4	8.64	0.2	1e-05
ppc0327	427450.0	6654875.0	138.087753295	1	1	1	86.4	8.64	0.2	1e-05
ppc0328	427450.0	6654900.0	136.71144867	1	1	1	86.4	8.64	0.2	1e-05
ppc0329	427450.0	6654925.0	140.074249265	1	1	1	86.4	8.64	0.2	1e-05
ppc0330	427450.0	6654950.0	140.308898925	1	1	1	86.4	8.64	0.2	1e-05
ppc0331	427450.0	6654975.0	140.75300598	1	1	1	86.4	8.64	0.2	1e-05
ppc0332	427450.0	6655000.0	141.232948305	1	1	1	86.4	8.64	0.2	1e-05
ppc0333	427450.0	6655025.0	141.70610046500002	1	1	1	86.4	8.64	0.2	1e-05
ppc0334	427450.0	6655050.0	142.516197205	1	1	1	86.4	8.64	0.2	1e-05
ppc0335	427450.0	6655075.0	142.701454165	1	1	1	86.4	8.64	0.2	1e-05
ppc0336	427450.0	6655100.0	142.5911026	1	1	1	86.4	8.64	0.2	1e-05
ppc0337	427450.0	6655125.0	142.61524963	1	1	1	86.4	8.64	0.2	1e-05
ppc0338	427450.0	6655150.0	143.122146605	1	1	1	86.4	8.64	0.2	1e-05
ppc0339	427450.0	6655175.0	143.47970580999998	1	1	1	86.4	8.64	0.2	1e-05
ppc0340	427450.0	6655200.0	144.84120178	1	1	1	86.4	8.64	0.2	1e-05
ppc0341	427450.0	6655225.0	145.703399655	1	1	1	86.4	8.64	0.2	1e-05
ppc0342	427450.0	6655250.0	146.346450805	1	1	1	86.4	8.64	0.2	1e-05
ppc0343	427450.0	6655275.0	146.639549255	1	1	1	86.4	8.64	0.2	1e-05
ppc0344	427475.0	6654875.0	141.64279937999999	1	1	1	86.4	8.64	0.2	1e-05
ppc0345	427475.0	6654900.0	139.838249205	1	1	1	86.4	8.64	0.2	1e-05
ppc0346	427475.0	6654925.0	136.4529953	1	1	1	86.4	8.64	0.2	1e-05
ppc0347	427475.0	6654950.0	136.92449951	1	1	1	86.4	8.64	0.2	1e-05
ppc0348	427475.0	6654975.0	138.39714813	1	1	1	86.4	8.64	0.2	1e-05
ppc0349	427475.0	6655000.0	140.185699465	1	1	1	86.4	8.64	0.2	1e-05
ppc0350	427475.0	6655025.0	141.79384613	1	1	1	86.4	8.64	0.2	1e-05
ppc0351	427475.0	6655050.0	142.713554385	1	1	1	86.4	8.64	0.2	1e-05
ppc0352	427475.0	6655075.0	143.10205078	1	1	1	86.4	8.64	0.2	1e-05
ppc0353	427475.0	6655100.0	143.758003235	1	1	1	86.4	8.64	0.2	1e-05
ppc0354	427475.0	6655125.0	143.90470123	1	1	1	86.4	8.64	0.2	1e-05
ppc0355	427475.0	6655150.0	143.836647035	1	1	1	86.4	8.64	0.2	1e-05
ppc0356	427475.0	6655175.0	144.593994145	1	1	1	86.4	8.64	0.2	1e-05
ppc0357	427475.0	6655200.0	145.362350465	1	1	1	86.4	8.64	0.2	1e-05
ppc0358	427475.0	6655225.0	146.700653075	1	1	1	86.4	8.64	0.2	1e-05
ppc0359	427475.0	6655250.0	147.029953	1	1	1	86.4	8.64	0.2	1e-05
ppc0360	427475.0	6655275.0	147.377296445	1	1	1	86.4	8.64	0.2	1e-05
ppc0361	427500.0	6654900.0	143.602302555	1	1	1	86.4	8.64	0.2	1e-05
ppc0362	427500.0	6654925.0	139.13215637000002	1	1	1	86.4	8.64	0.2	1e-05
ppc0363	427500.0	6654950.0	136.79660034	1	1	1	86.4	8.64	0.2	1e-05
ppc0364	427500.0	6654975.0	136.82285309	1	1	1	86.4	8.64	0.2	1e-05
ppc0365	427500.0	6655000.0	136.79775238	1	1	1	86.4	8.64	0.2	1e-05
ppc0366	427500.0	6655025.0	137.628700255	1	1	1	86.4	8.64	0.2	1e-05
ppc0367	427500.0	6655050.0	141.591201785	1	1	1	86.4	8.64	0.2	1e-05
ppc0368	427500.0	6655075.0	142.69090271	1	1	1	86.4	8.64	0.2	1e-05
ppc0369	427500.0	6655100.0	143.736053465	1	1	1	86.4	8.64	0.2	1e-05
ppc0370	427500.0	6655125.0	144.495796205	1	1	1	86.4	8.64	0.2	1e-05
ppc0371	427500.0	6655150.0	144.989746095	1	1	1	86.4	8.64	0.2	1e-05
ppc0372	427500.0	6655175.0	145.739799495	1	1	1	86.4	8.64	0.2	1e-05
ppc0373	427500.0	6655200.0	146.672851565	1	1	1	86.4	8.64	0.2	1e-05
ppc0374	427500.0	6655225.0	147.414146425	1	1	1	86.4	8.64	0.2	1e-05
ppc0375	427500.0	6655250.0	147.634101865	1	1	1	86.4	8.64	0.2	1e-05
ppc0376	427525.0	6654925.0	144.04254913	1	1	1	86.4	8.64	0.2	1e-05
ppc0377	427525.0	6654950.0	142.85720062500002	1	1	1	86.4	8.64	0.2	1e-05
ppc0378	427525.0	6654975.0	142.29235076999998	1	1	1	86.4	8.64	0.2	1e-05
ppc0379	427525.0	6655000.0	141.8253479	1	1	1	86.4	8.64	0.2	1e-05
ppc0380	427525.0	6655025.0	142.104049685	1	1	1	86.4	8.64	0.2	1e-05
ppc0381	427525.0	6655050.0	141.737701415	1	1	1	86.4	8.64	0.2	1e-05
ppc0382	427525.0	6655075.0	140.892555235	1	1	1	86.4	8.64	0.2	1e-05
ppc0383	427525.0	6655100.0	141.74394989	1	1	1	86.4	8.64	0.2	1e-05
ppc0384	427525.0	6655125.0	143.31324768000002	1	1	1	86.4	8.64	0.2	1e-05
ppc0385	427525.0	6655150.0	145.87310028	1	1	1	86.4	8.64	0.2	1e-05
ppc0386	427525.0	6655175.0	147.11640167000002	1	1	1	86.4	8.64	0.2	1e-05
ppc0387	427525.0	6655200.0	147.633995055	1	1	1	86.4	8.64	0.2	1e-05
ppc0388	427525.0	6655225.0	148.216545105	1	1	1	86.4	8.64	0.2	1e-05
ppc0389	427550.0	6654950.0	144.849197385	1	1	1	86.4	8.64	0.2	1e-05
ppc0390	427550.0	6654975.0	143.51184845	1	1	1	86.4	8.64	0.2	1e-05
ppc0391	427550.0	6655000.0	144.006347655	1	1	1	86.4	8.64	0.2	1e-05
ppc0392	427550.0	6655025.0	145.37425231999998	1	1	1	86.4	8.64	0.2	1e-05
ppc0393	427550.0	6655050.0	147.07545471	1	1	1	86.4	8.64	0.2	1e-05
ppc0394	427550.0	6655075.0	144.437049865	1	1	1	86.4	8.64	0.2	1e-05
ppc0395	427550.0	6655100.0	140.68645477	1	1	1	86.4	8.64	0.2	1e-05
ppc0396	427550.0	6655125.0	142.572296145	1	1	1	86.4	8.64	0.2	1e-05
ppc0397	427550.0	6655150.0	146.263648985	1	1	1	86.4	8.64	0.2	1e-05
ppc0398	427550.0	6655175.0	147.69510651000002	1	1	1	86.4	8.64	0.2	1e-05
ppc0399	427550.0	6655200.0	149.31049346999998	1	1	1	86.4	8.64	0.2	1e-05
ppc0400	427575.0	6654975.0	146.73604584	1	1	1	86.4	8.64	0.2	1e-05
ppc0401	427575.0	6655000.0	146.81024933	1	1	1	86.4	8.64	0.2	1e-05
ppc0402	427575.0	6655025.0	147.57060242	1	1	1	86.4	8.64	0.2	1e-05
ppc0403	427575.0	6655050.0	148.490348815	1	1	1	86.4	8.64	0.2	1e-05
ppc0404	427575.0	6655075.0	146.849449155	1	1	1	86.4	8.64	0.2	1e-05
ppc0405	427575.0	6655100.0	142.383651735	1	1	1	86.4	8.64	0.2	1e-05
ppc0406	427575.0	6655125.0	141.30944824	1	1	1	86.4	8.64	0.2	1e-05
ppc0407	427575.0	6655150.0	144.99349975500002	1	1	1	86.4	8.64	0.2	1e-05
ppc0408	427575.0	6655175.0	147.83380126999998	1	1	1	86.4	8.64	0.2	1e-05
ppc0409	427600.0	6655025.0	148.99755096500002	1	1	1	86.4	8.64	0.2	1e-05
ppc0410	427600.0	6655050.0	148.69709777499997	1	1	1	86.4	8.64	0.2	1e-05
ppc0411	427600.0	6655075.0	147.30205536	1	1	1	86.4	8.64	0.2	1e-05
ppc0412	427600.0	6655100.0	143.55834961	1	1	1	86.4	8.64	0.2	1e-05
ppc0413	427600.0	6655125.0	141.520401	1	1	1	86.4	8.64	0.2	1e-05
ppc0414	427600.0	6655150.0	144.22314453	1	1	1	86.4	8.64	0.2	1e-05
ppc0415	427625.0	6655075.0	147.21375275	1	1	1	86.4	8.64	0.2	1e-05
ppc0416	427625.0	6655100.0	145.49255370999998	1	1	1	86.4	8.64	0.2	1e-05
ppc0417	427625.0	6655125.0	141.61654663000002	1	1	1	86.4	8.64	0.2	1e-05
ppc0418	426900.0	6654800.0	120.970249175	1	1	2	0.01	0.001	0.2	1e-05
ppc0419	426900.0	6654825.0	121.35654831	1	1	2	0.01	0.001	0.2	1e-05
ppc0420	426900.0	6654850.0	122.77444839500001	1	1	2	0.01	0.001	0.2	1e-05
ppc0421	426900.0	6654875.0	123.58315277	1	1	2	0.01	0.001	0.2	1e-05
ppc0422	426900.0	6654900.0	124.58855057	1	1	2	0.01	0.001	0.2	1e-05
ppc0423	426925.0	6654775.0	120.735099795	1	1	2	0.01	0.001	0.2	1e-05
ppc0424	426925.0	6654800.0	120.94264984	1	1	2	0.01	0.001	0.2	1e-05
ppc0425	426925.0	6654825.0	121.36904907	1	1	2	0.01	0.001	0.2	1e-05
ppc0426	426925.0	6654850.0	121.927947995	1	1	2	0.01	0.001	0.2	1e-05
ppc0427	426925.0	6654875.0	123.5243988	1	1	2	0.01	0.001	0.2	1e-05
ppc0428	426925.0	6654900.0	124.65250015000001	1	1	2	0.01	0.001	0.2	1e-05
ppc0429	426925.0	6654925.0	125.2248497	1	1	2	0.01	0.001	0.2	1e-05
ppc0430	426950.0	6654750.0	120.79899979000001	1	1	2	0.01	0.001	0.2	1e-05
ppc0431	426950.0	6654775.0	120.68935013000001	1	1	2	0.01	0.001	0.2	1e-05
ppc0432	426950.0	6654800.0	120.90369796499999	1	1	2	0.01	0.001	0.2	1e-05
ppc0433	426950.0	6654825.0	121.422599795	1	1	2	0.01	0.001	0.2	1e-05
ppc0434	426950.0	6654850.0	122.10964966	1	1	2	0.01	0.001	0.2	1e-05
ppc0435	426950.0	6654875.0	123.189300535	1	1	2	0.01	0.001	0.2	1e-05
ppc0436	426950.0	6654900.0	124.70830154500001	1	1	2	0.01	0.001	0.2	1e-05
ppc0437	426950.0	6654925.0	125.26525115999999	1	1	2	0.01	0.001	0.2	1e-05
ppc0438	426950.0	6654950.0	126.22114944500001	1	1	2	0.01	0.001	0.2	1e-05
ppc0439	426975.0	6654725.0	121.02819824	1	1	2	0.01	0.001	0.2	1e-05
ppc0440	426975.0	6654750.0	120.67760086	1	1	2	0.01	0.001	0.2	1e-05
ppc0441	426975.0	6654775.0	120.56954956	1	1	2	0.01	0.001	0.2	1e-05
ppc0442	426975.0	6654800.0	120.76179886	1	1	2	0.01	0.001	0.2	1e-05
ppc0443	426975.0	6654825.0	121.48590088	1	1	2	0.01	0.001	0.2	1e-05
ppc0444	426975.0	6654850.0	122.520298005	1	1	2	0.01	0.001	0.2	1e-05
ppc0445	426975.0	6654875.0	123.39209747000001	1	1	2	0.01	0.001	0.2	1e-05
ppc0446	426975.0	6654900.0	124.21485138	1	1	2	0.01	0.001	0.2	1e-05
ppc0447	426975.0	6654925.0	125.667598725	1	1	2	0.01	0.001	0.2	1e-05
ppc0448	426975.0	6654950.0	126.343147275	1	1	2	0.01	0.001	0.2	1e-05
ppc0449	426975.0	6654975.0	126.70684814500001	1	1	2	0.01	0.001	0.2	1e-05
ppc0450	427000.0	6654725.0	120.97900009	1	1	2	0.01	0.001	0.2	1e-05
ppc0451	427000.0	6654750.0	120.599147795	1	1	2	0.01	0.001	0.2	1e-05
ppc0452	427000.0	6654775.0	120.612701415	1	1	2	0.01	0.001	0.2	1e-05
ppc0453	427000.0	6654800.0	120.733848575	1	1	2	0.01	0.001	0.2	1e-05
ppc0454	427000.0	6654825.0	121.38805008	1	1	2	0.01	0.001	0.2	1e-05
ppc0455	427000.0	6654850.0	122.42794799500001	1	1	2	0.01	0.001	0.2	1e-05
ppc0456	427000.0	6654875.0	123.45434951499999	1	1	2	0.01	0.001	0.2	1e-05
ppc0457	427000.0	6654900.0	124.42785262999999	1	1	2	0.01	0.001	0.2	1e-05
ppc0458	427000.0	6654925.0	125.40370178	1	1	2	0.01	0.001	0.2	1e-05
ppc0459	427000.0	6654950.0	126.14569854999999	1	1	2	0.01	0.001	0.2	1e-05
ppc0460	427000.0	6654975.0	126.48854828	1	1	2	0.01	0.001	0.2	1e-05
ppc0461	427000.0	6655000.0	126.713302615	1	1	2	0.01	0.001	0.2	1e-05
ppc0462	427025.0	6654725.0	120.704948425	1	1	2	0.01	0.001	0.2	1e-05
ppc0463	427025.0	6654750.0	120.80524826	1	1	2	0.01	0.001	0.2	1e-05
ppc0464	427025.0	6654775.0	120.51729965000001	1	1	2	0.01	0.001	0.2	1e-05
ppc0465	427025.0	6654800.0	120.717903135	1	1	2	0.01	0.001	0.2	1e-05
ppc0466	427025.0	6654825.0	121.25379944	1	1	2	0.01	0.001	0.2	1e-05
ppc0467	427025.0	6654850.0	122.05419921500001	1	1	2	0.01	0.001	0.2	1e-05
ppc0468	427025.0	6654875.0	123.35764694	1	1	2	0.01	0.001	0.2	1e-05
ppc0469	427025.0	6654900.0	124.50099945	1	1	2	0.01	0.001	0.2	1e-05
ppc0470	427025.0	6654925.0	125.068401335	1	1	2	0.01	0.001	0.2	1e-05
ppc0471	427025.0	6654950.0	125.58905029499999	1	1	2	0.01	0.001	0.2	1e-05
ppc0472	427025.0	6654975.0	126.076900485	1	1	2	0.01	0.001	0.2	1e-05
ppc0473	427025.0	6655000.0	126.24940108999999	1	1	2	0.01	0.001	0.2	1e-05
ppc0474	427025.0	6655025.0	126.472248075	1	1	2	0.01	0.001	0.2	1e-05
ppc0475	427050.0	6654725.0	121.02050018	1	1	2	0.01	0.001	0.2	1e-05
ppc0476	427050.0	6654750.0	120.657447815	1	1	2	0.01	0.001	0.2	1e-05
ppc0477	427050.0	6654775.0	120.55834961	1	1	2	0.01	0.001	0.2	1e-05
ppc0478	427050.0	6654800.0	120.70460129	1	1	2	0.01	0.001	0.2	1e-05
ppc0479	427050.0	6654825.0	121.266601565	1	1	2	0.01	0.001	0.2	1e-05
ppc0480	427050.0	6654850.0	122.04465103	1	1	2	0.01	0.001	0.2	1e-05
ppc0481	427050.0	6654875.0	123.20370102	1	1	2	0.01	0.001	0.2	1e-05
ppc0482	427050.0	6654900.0	124.22259903	1	1	2	0.01	0.001	0.2	1e-05
ppc0483	427050.0	6654925.0	124.88555145500001	1	1	2	0.01	0.001	0.2	1e-05
ppc0484	427050.0	6654950.0	125.21259689499999	1	1	2	0.01	0.001	0.2	1e-05
ppc0485	427050.0	6654975.0	125.518798825	1	1	2	0.01	0.001	0.2	1e-05
ppc0486	427050.0	6655000.0	125.872348785	1	1	2	0.01	0.001	0.2	1e-05
ppc0487	427050.0	6655025.0	126.160297395	1	1	2	0.01	0.001	0.2	1e-05
ppc0488	427075.0	6654725.0	121.29290008500001	1	1	2	0.01	0.001	0.2	1e-05
ppc0489	427075.0	6654750.0	120.847747805	1	1	2	0.01	0.001	0.2	1e-05
ppc0490	427075.0	6654775.0	120.817802425	1	1	2	0.01	0.001	0.2	1e-05
ppc0491	427075.0	6654800.0	120.81894683499999	1	1	2	0.01	0.001	0.2	1e-05
ppc0492	427075.0	6654825.0	121.45145035	1	1	2	0.01	0.001	0.2	1e-05
ppc0493	427075.0	6654850.0	122.49285126	1	1	2	0.01	0.001	0.2	1e-05
ppc0494	427075.0	6654875.0	123.332450865	1	1	2	0.01	0.001	0.2	1e-05
ppc0495	427075.0	6654900.0	123.969299315	1	1	2	0.01	0.001	0.2	1e-05
ppc0496	427075.0	6654925.0	124.66879654	1	1	2	0.01	0.001	0.2	1e-05
ppc0497	427075.0	6654950.0	125.10369872999999	1	1	2	0.01	0.001	0.2	1e-05
ppc0498	427075.0	6654975.0	125.16289902	1	1	2	0.01	0.001	0.2	1e-05
ppc0499	427075.0	6655000.0	125.46744918499999	1	1	2	0.01	0.001	0.2	1e-05
ppc0500	427075.0	6655025.0	125.865550995	1	1	2	0.01	0.001	0.2	1e-05
ppc0501	427100.0	6654725.0	121.843250275	1	1	2	0.01	0.001	0.2	1e-05
ppc0502	427100.0	6654750.0	121.670547485	1	1	2	0.01	0.001	0.2	1e-05
ppc0503	427100.0	6654775.0	121.161998745	1	1	2	0.01	0.001	0.2	1e-05
ppc0504	427100.0	6654800.0	121.604000095	1	1	2	0.01	0.001	0.2	1e-05
ppc0505	427100.0	6654825.0	122.180301665	1	1	2	0.01	0.001	0.2	1e-05
ppc0506	427100.0	6654850.0	123.11540221999999	1	1	2	0.01	0.001	0.2	1e-05
ppc0507	427100.0	6654875.0	123.56729888999999	1	1	2	0.01	0.001	0.2	1e-05
ppc0508	427100.0	6654900.0	124.36605072	1	1	2	0.01	0.001	0.2	1e-05
ppc0509	427100.0	6654925.0	124.878349305	1	1	2	0.01	0.001	0.2	1e-05
ppc0510	427100.0	6654950.0	125.068603515	1	1	2	0.01	0.001	0.2	1e-05
ppc0511	427100.0	6654975.0	125.214351655	1	1	2	0.01	0.001	0.2	1e-05
ppc0512	427100.0	6655000.0	125.31354904	1	1	2	0.01	0.001	0.2	1e-05
ppc0513	427100.0	6655025.0	125.73595047	1	1	2	0.01	0.001	0.2	1e-05
ppc0514	427125.0	6654725.0	122.64484787	1	1	2	0.01	0.001	0.2	1e-05
ppc0515	427125.0	6654750.0	122.334049225	1	1	2	0.01	0.001	0.2	1e-05
ppc0516	427125.0	6654775.0	122.20285034	1	1	2	0.01	0.001	0.2	1e-05
ppc0517	427125.0	6654800.0	122.438747405	1	1	2	0.01	0.001	0.2	1e-05
ppc0518	427125.0	6654825.0	123.23769759999999	1	1	2	0.01	0.001	0.2	1e-05
ppc0519	427125.0	6654850.0	123.669597625	1	1	2	0.01	0.001	0.2	1e-05
ppc0520	427125.0	6654875.0	124.535900115	1	1	2	0.01	0.001	0.2	1e-05
ppc0521	427125.0	6654900.0	125.084049225	1	1	2	0.01	0.001	0.2	1e-05
ppc0522	427125.0	6654925.0	125.485549925	1	1	2	0.01	0.001	0.2	1e-05
ppc0523	427125.0	6654950.0	125.50450133999999	1	1	2	0.01	0.001	0.2	1e-05
ppc0524	427125.0	6654975.0	125.40224838500001	1	1	2	0.01	0.001	0.2	1e-05
ppc0525	427125.0	6655000.0	125.506702425	1	1	2	0.01	0.001	0.2	1e-05
ppc0526	427125.0	6655025.0	125.84429932	1	1	2	0.01	0.001	0.2	1e-05
ppc0527	427150.0	6654725.0	123.081401825	1	1	2	0.01	0.001	0.2	1e-05
ppc0528	427150.0	6654750.0	123.16534805500001	1	1	2	0.01	0.001	0.2	1e-05
ppc0529	427150.0	6654775.0	123.26740265	1	1	2	0.01	0.001	0.2	1e-05
ppc0530	427150.0	6654800.0	123.494197845	1	1	2	0.01	0.001	0.2	1e-05
ppc0531	427150.0	6654825.0	123.688400265	1	1	2	0.01	0.001	0.2	1e-05
ppc0532	427150.0	6654850.0	124.51274871999999	1	1	2	0.01	0.001	0.2	1e-05
ppc0533	427150.0	6654875.0	125.486602785	1	1	2	0.01	0.001	0.2	1e-05
ppc0534	427150.0	6654900.0	126.07344818	1	1	2	0.01	0.001	0.2	1e-05
ppc0535	427150.0	6654925.0	126.019046785	1	1	2	0.01	0.001	0.2	1e-05
ppc0536	427150.0	6654950.0	126.04999924	1	1	2	0.01	0.001	0.2	1e-05
ppc0537	427150.0	6654975.0	125.940750125	1	1	2	0.01	0.001	0.2	1e-05
ppc0538	427150.0	6655000.0	125.975399015	1	1	2	0.01	0.001	0.2	1e-05
ppc0539	427150.0	6655025.0	126.58845138499998	1	1	2	0.01	0.001	0.2	1e-05
ppc0540	427175.0	6654725.0	123.390499115	1	1	2	0.01	0.001	0.2	1e-05
ppc0541	427175.0	6654750.0	123.53435135000001	1	1	2	0.01	0.001	0.2	1e-05
ppc0542	427175.0	6654775.0	123.64940262	1	1	2	0.01	0.001	0.2	1e-05
ppc0543	427175.0	6654800.0	123.7981987	1	1	2	0.01	0.001	0.2	1e-05
ppc0544	427175.0	6654825.0	124.61420059	1	1	2	0.01	0.001	0.2	1e-05
ppc0545	427175.0	6654850.0	125.58309936500001	1	1	2	0.01	0.001	0.2	1e-05
ppc0546	427175.0	6654875.0	126.50245285	1	1	2	0.01	0.001	0.2	1e-05
ppc0547	427175.0	6654900.0	127.08065414500001	1	1	2	0.01	0.001	0.2	1e-05
ppc0548	427175.0	6654925.0	126.73739624000001	1	1	2	0.01	0.001	0.2	1e-05
ppc0549	427175.0	6654950.0	126.513347625	1	1	2	0.01	0.001	0.2	1e-05
ppc0550	427175.0	6654975.0	126.656303405	1	1	2	0.01	0.001	0.2	1e-05
ppc0551	427175.0	6655000.0	126.81595229999999	1	1	2	0.01	0.001	0.2	1e-05
ppc0552	427175.0	6655025.0	127.00970459	1	1	2	0.01	0.001	0.2	1e-05
ppc0553	427175.0	6655050.0	127.351551055	1	1	2	0.01	0.001	0.2	1e-05
ppc0554	427200.0	6654725.0	123.63809967	1	1	2	0.01	0.001	0.2	1e-05
ppc0555	427200.0	6654750.0	123.68135071	1	1	2	0.01	0.001	0.2	1e-05
ppc0556	427200.0	6654775.0	123.72574997	1	1	2	0.01	0.001	0.2	1e-05
ppc0557	427200.0	6654800.0	124.14234923999999	1	1	2	0.01	0.001	0.2	1e-05
ppc0558	427200.0	6654825.0	124.83324813499999	1	1	2	0.01	0.001	0.2	1e-05
ppc0559	427200.0	6654850.0	126.318401335	1	1	2	0.01	0.001	0.2	1e-05
ppc0560	427200.0	6654875.0	127.382446285	1	1	2	0.01	0.001	0.2	1e-05
ppc0561	427200.0	6654900.0	127.77484894	1	1	2	0.01	0.001	0.2	1e-05
ppc0562	427200.0	6654925.0	127.557949065	1	1	2	0.01	0.001	0.2	1e-05
ppc0563	427200.0	6654950.0	127.108848575	1	1	2	0.01	0.001	0.2	1e-05
ppc0564	427200.0	6654975.0	127.09859847999999	1	1	2	0.01	0.001	0.2	1e-05
ppc0565	427200.0	6655000.0	127.12265015	1	1	2	0.01	0.001	0.2	1e-05
ppc0566	427200.0	6655025.0	127.75134658500001	1	1	2	0.01	0.001	0.2	1e-05
ppc0567	427200.0	6655050.0	128.10634613000002	1	1	2	0.01	0.001	0.2	1e-05
ppc0568	427200.0	6655075.0	128.51855469	1	1	2	0.01	0.001	0.2	1e-05
ppc0569	427225.0	6654725.0	124.23855209499999	1	1	2	0.01	0.001	0.2	1e-05
ppc0570	427225.0	6654750.0	124.02600097999999	1	1	2	0.01	0.001	0.2	1e-05
ppc0571	427225.0	6654775.0	124.10100174	1	1	2	0.01	0.001	0.2	1e-05
ppc0572	427225.0	6654800.0	124.632247925	1	1	2	0.01	0.001	0.2	1e-05
ppc0573	427225.0	6654825.0	125.62935257000001	1	1	2	0.01	0.001	0.2	1e-05
ppc0574	427225.0	6654850.0	126.974754335	1	1	2	0.01	0.001	0.2	1e-05
ppc0575	427225.0	6654875.0	127.50589751999999	1	1	2	0.01	0.001	0.2	1e-05
ppc0576	427225.0	6654900.0	128.08665085	1	1	2	0.01	0.001	0.2	1e-05
ppc0577	427225.0	6654925.0	128.09394836500002	1	1	2	0.01	0.001	0.2	1e-05
ppc0578	427225.0	6654950.0	127.50549698	1	1	2	0.01	0.001	0.2	1e-05
ppc0579	427225.0	6654975.0	127.286399845	1	1	2	0.01	0.001	0.2	1e-05
ppc0580	427225.0	6655000.0	127.365703585	1	1	2	0.01	0.001	0.2	1e-05
ppc0581	427225.0	6655025.0	127.91944885000001	1	1	2	0.01	0.001	0.2	1e-05
ppc0582	427225.0	6655050.0	128.611495975	1	1	2	0.01	0.001	0.2	1e-05
ppc0583	427225.0	6655075.0	129.0440979	1	1	2	0.01	0.001	0.2	1e-05
ppc0584	427225.0	6655100.0	129.74230194	1	1	2	0.01	0.001	0.2	1e-05
ppc0585	427250.0	6654725.0	125.19355011	1	1	2	0.01	0.001	0.2	1e-05
ppc0586	427250.0	6654750.0	125.10974884000001	1	1	2	0.01	0.001	0.2	1e-05
ppc0587	427250.0	6654775.0	125.18244934	1	1	2	0.01	0.001	0.2	1e-05
ppc0588	427250.0	6654800.0	125.707603455	1	1	2	0.01	0.001	0.2	1e-05
ppc0589	427250.0	6654825.0	127.10330200499999	1	1	2	0.01	0.001	0.2	1e-05
ppc0590	427250.0	6654850.0	127.408950805	1	1	2	0.01	0.001	0.2	1e-05
ppc0591	427250.0	6654875.0	128.444301605	1	1	2	0.01	0.001	0.2	1e-05
ppc0592	427250.0	6654900.0	128.40589905	1	1	2	0.01	0.001	0.2	1e-05
ppc0593	427250.0	6654925.0	127.75170135500001	1	1	2	0.01	0.001	0.2	1e-05
ppc0594	427250.0	6654950.0	127.65245056	1	1	2	0.01	0.001	0.2	1e-05
ppc0595	427250.0	6654975.0	126.825847625	1	1	2	0.01	0.001	0.2	1e-05
ppc0596	427250.0	6655000.0	127.15309905999999	1	1	2	0.01	0.001	0.2	1e-05
ppc0597	427250.0	6655025.0	128.03644943	1	1	2	0.01	0.001	0.2	1e-05
ppc0598	427250.0	6655050.0	128.59149933	1	1	2	0.01	0.001	0.2	1e-05
ppc0599	427250.0	6655075.0	129.83610153	1	1	2	0.01	0.001	0.2	1e-05
ppc0600	427250.0	6655100.0	131.027648925	1	1	2	0.01	0.001	0.2	1e-05
ppc0601	427250.0	6655125.0	132.143699645	1	1	2	0.01	0.001	0.2	1e-05
ppc0602	427275.0	6654725.0	126.562602995	1	1	2	0.01	0.001	0.2	1e-05
ppc0603	427275.0	6654750.0	127.21284485000001	1	1	2	0.01	0.001	0.2	1e-05
ppc0604	427275.0	6654775.0	127.461849215	1	1	2	0.01	0.001	0.2	1e-05
ppc0605	427275.0	6654800.0	128.25030136	1	1	2	0.01	0.001	0.2	1e-05
ppc0606	427275.0	6654825.0	128.178653715	1	1	2	0.01	0.001	0.2	1e-05
ppc0607	427275.0	6654850.0	129.31175232	1	1	2	0.01	0.001	0.2	1e-05
ppc0608	427275.0	6654875.0	129.69160461500002	1	1	2	0.01	0.001	0.2	1e-05
ppc0609	427275.0	6654900.0	128.880397795	1	1	2	0.01	0.001	0.2	1e-05
ppc0610	427275.0	6654925.0	127.976699825	1	1	2	0.01	0.001	0.2	1e-05
ppc0611	427275.0	6654950.0	126.79810333	1	1	2	0.01	0.001	0.2	1e-05
ppc0612	427275.0	6654975.0	126.081199645	1	1	2	0.01	0.001	0.2	1e-05
ppc0613	427275.0	6655000.0	126.30529785	1	1	2	0.01	0.001	0.2	1e-05
ppc0614	427275.0	6655025.0	127.77219772499998	1	1	2	0.01	0.001	0.2	1e-05
ppc0615	427275.0	6655050.0	129.14479828	1	1	2	0.01	0.001	0.2	1e-05
ppc0616	427275.0	6655075.0	130.382347105	1	1	2	0.01	0.001	0.2	1e-05
ppc0617	427275.0	6655100.0	132.052246095	1	1	2	0.01	0.001	0.2	1e-05
ppc0618	427275.0	6655125.0	133.4164505	1	1	2	0.01	0.001	0.2	1e-05
ppc0619	427275.0	6655150.0	133.693351745	1	1	2	0.01	0.001	0.2	1e-05
ppc0620	427300.0	6654725.0	129.213199615	1	1	2	0.01	0.001	0.2	1e-05
ppc0621	427300.0	6654750.0	129.70519638	1	1	2	0.01	0.001	0.2	1e-05
ppc0622	427300.0	6654775.0	130.660202025	1	1	2	0.01	0.001	0.2	1e-05
ppc0623	427300.0	6654800.0	130.08434677	1	1	2	0.01	0.001	0.2	1e-05
ppc0624	427300.0	6654825.0	131.08519745	1	1	2	0.01	0.001	0.2	1e-05
ppc0625	427300.0	6654850.0	131.44355011	1	1	2	0.01	0.001	0.2	1e-05
ppc0626	427300.0	6654875.0	131.602355955	1	1	2	0.01	0.001	0.2	1e-05
ppc0627	427300.0	6654900.0	130.17810058499998	1	1	2	0.01	0.001	0.2	1e-05
ppc0628	427300.0	6654925.0	128.27309799	1	1	2	0.01	0.001	0.2	1e-05
ppc0629	427300.0	6654950.0	126.449150085	1	1	2	0.01	0.001	0.2	1e-05
ppc0630	427300.0	6654975.0	125.610149385	1	1	2	0.01	0.001	0.2	1e-05
ppc0631	427300.0	6655000.0	125.699451445	1	1	2	0.01	0.001	0.2	1e-05
ppc0632	427300.0	6655025.0	127.20729828	1	1	2	0.01	0.001	0.2	1e-05
ppc0633	427300.0	6655050.0	129.158096315	1	1	2	0.01	0.001	0.2	1e-05
ppc0634	427300.0	6655075.0	131.18195343	1	1	2	0.01	0.001	0.2	1e-05
ppc0635	427300.0	6655100.0	132.59044647000002	1	1	2	0.01	0.001	0.2	1e-05
ppc0636	427300.0	6655125.0	133.77799987999998	1	1	2	0.01	0.001	0.2	1e-05
ppc0637	427300.0	6655150.0	134.661750795	1	1	2	0.01	0.001	0.2	1e-05
ppc0638	427300.0	6655175.0	134.99385071	1	1	2	0.01	0.001	0.2	1e-05
ppc0639	427325.0	6654725.0	132.63555145499998	1	1	2	0.01	0.001	0.2	1e-05
ppc0640	427325.0	6654750.0	133.21544647500002	1	1	2	0.01	0.001	0.2	1e-05
ppc0641	427325.0	6654775.0	132.596847535	1	1	2	0.01	0.001	0.2	1e-05
ppc0642	427325.0	6654800.0	133.40664673	1	1	2	0.01	0.001	0.2	1e-05
ppc0643	427325.0	6654825.0	133.34594727	1	1	2	0.01	0.001	0.2	1e-05
ppc0644	427325.0	6654850.0	133.7858963	1	1	2	0.01	0.001	0.2	1e-05
ppc0645	427325.0	6654875.0	132.64565277	1	1	2	0.01	0.001	0.2	1e-05
ppc0646	427325.0	6654900.0	131.79070281999998	1	1	2	0.01	0.001	0.2	1e-05
ppc0647	427325.0	6654925.0	129.03044891500002	1	1	2	0.01	0.001	0.2	1e-05
ppc0648	427325.0	6654950.0	126.70569992	1	1	2	0.01	0.001	0.2	1e-05
ppc0649	427325.0	6654975.0	125.82720184499999	1	1	2	0.01	0.001	0.2	1e-05
ppc0650	427325.0	6655000.0	126.31019592	1	1	2	0.01	0.001	0.2	1e-05
ppc0651	427325.0	6655025.0	127.757400515	1	1	2	0.01	0.001	0.2	1e-05
ppc0652	427325.0	6655050.0	129.32035064500002	1	1	2	0.01	0.001	0.2	1e-05
ppc0653	427325.0	6655075.0	131.2039032	1	1	2	0.01	0.001	0.2	1e-05
ppc0654	427325.0	6655100.0	132.710502625	1	1	2	0.01	0.001	0.2	1e-05
ppc0655	427325.0	6655125.0	134.05964661000002	1	1	2	0.01	0.001	0.2	1e-05
ppc0656	427325.0	6655150.0	134.945854185	1	1	2	0.01	0.001	0.2	1e-05
ppc0657	427325.0	6655175.0	135.64984894000003	1	1	2	0.01	0.001	0.2	1e-05
ppc0658	427325.0	6655200.0	135.77760315	1	1	2	0.01	0.001	0.2	1e-05
ppc0659	427350.0	6654725.0	135.32409668	1	1	2	0.01	0.001	0.2	1e-05
ppc0660	427350.0	6654750.0	135.292152405	1	1	2	0.01	0.001	0.2	1e-05
ppc0661	427350.0	6654775.0	135.704948425	1	1	2	0.01	0.001	0.2	1e-05
ppc0662	427350.0	6654800.0	135.36955261	1	1	2	0.01	0.001	0.2	1e-05
ppc0663	427350.0	6654825.0	135.250152585	1	1	2	0.01	0.001	0.2	1e-05
ppc0664	427350.0	6654850.0	134.25830078	1	1	2	0.01	0.001	0.2	1e-05
ppc0665	427350.0	6654875.0	133.60350037	1	1	2	0.01	0.001	0.2	1e-05
ppc0666	427350.0	6654900.0	131.66000365999997	1	1	2	0.01	0.001	0.2	1e-05
ppc0667	427350.0	6654925.0	129.69795227	1	1	2	0.01	0.001	0.2	1e-05
ppc0668	427350.0	6654950.0	128.006549835	1	1	2	0.01	0.001	0.2	1e-05
ppc0669	427350.0	6654975.0	126.95295334	1	1	2	0.01	0.001	0.2	1e-05
ppc0670	427350.0	6655000.0	127.20504761000001	1	1	2	0.01	0.001	0.2	1e-05
ppc0671	427350.0	6655025.0	128.64690017499998	1	1	2	0.01	0.001	0.2	1e-05
ppc0672	427350.0	6655050.0	129.90755081	1	1	2	0.01	0.001	0.2	1e-05
ppc0673	427350.0	6655075.0	130.909454345	1	1	2	0.01	0.001	0.2	1e-05
ppc0674	427350.0	6655100.0	132.62705231	1	1	2	0.01	0.001	0.2	1e-05
ppc0675	427350.0	6655125.0	134.231300355	1	1	2	0.01	0.001	0.2	1e-05
ppc0676	427350.0	6655150.0	135.03009796499998	1	1	2	0.01	0.001	0.2	1e-05
ppc0677	427350.0	6655175.0	135.650749205	1	1	2	0.01	0.001	0.2	1e-05
ppc0678	427350.0	6655200.0	136.06464386	1	1	2	0.01	0.001	0.2	1e-05
ppc0679	427350.0	6655225.0	136.36244964500003	1	1	2	0.01	0.001	0.2	1e-05
ppc0680	427375.0	6654725.0	136.25790405499998	1	1	2	0.01	0.001	0.2	1e-05
ppc0681	427375.0	6654750.0	137.439796445	1	1	2	0.01	0.001	0.2	1e-05
ppc0682	427375.0	6654775.0	137.90969848499998	1	1	2	0.01	0.001	0.2	1e-05
ppc0683	427375.0	6654800.0	137.31839752000002	1	1	2	0.01	0.001	0.2	1e-05
ppc0684	427375.0	6654825.0	135.89329529	1	1	2	0.01	0.001	0.2	1e-05
ppc0685	427375.0	6654850.0	134.73065185500002	1	1	2	0.01	0.001	0.2	1e-05
ppc0686	427375.0	6654875.0	132.84450531	1	1	2	0.01	0.001	0.2	1e-05
ppc0687	427375.0	6654900.0	131.421852115	1	1	2	0.01	0.001	0.2	1e-05
ppc0688	427375.0	6654925.0	129.9253006	1	1	2	0.01	0.001	0.2	1e-05
ppc0689	427375.0	6654950.0	129.1548996	1	1	2	0.01	0.001	0.2	1e-05
ppc0690	427375.0	6654975.0	128.54780197000002	1	1	2	0.01	0.001	0.2	1e-05
ppc0691	427375.0	6655000.0	129.140094755	1	1	2	0.01	0.001	0.2	1e-05
ppc0692	427375.0	6655025.0	129.64260101	1	1	2	0.01	0.001	0.2	1e-05
ppc0693	427375.0	6655050.0	130.12545395	1	1	2	0.01	0.001	0.2	1e-05
ppc0694	427375.0	6655075.0	130.693351745	1	1	2	0.01	0.001	0.2	1e-05
ppc0695	427375.0	6655100.0	132.124900815	1	1	2	0.01	0.001	0.2	1e-05
ppc0696	427375.0	6655125.0	134.21084595000002	1	1	2	0.01	0.001	0.2	1e-05
ppc0697	427375.0	6655150.0	135.35305023	1	1	2	0.01	0.001	0.2	1e-05
ppc0698	427375.0	6655175.0	136.23365021	1	1	2	0.01	0.001	0.2	1e-05
ppc0699	427375.0	6655200.0	136.420906065	1	1	2	0.01	0.001	0.2	1e-05
ppc0700	427375.0	6655225.0	137.07929993	1	1	2	0.01	0.001	0.2	1e-05
ppc0701	427375.0	6655250.0	137.00879669	1	1	2	0.01	0.001	0.2	1e-05
ppc0702	427400.0	6654750.0	138.887405395	1	1	2	0.01	0.001	0.2	1e-05
ppc0703	427400.0	6654775.0	139.346801755	1	1	2	0.01	0.001	0.2	1e-05
ppc0704	427400.0	6654800.0	138.502952575	1	1	2	0.01	0.001	0.2	1e-05
ppc0705	427400.0	6654825.0	136.690849305	1	1	2	0.01	0.001	0.2	1e-05
ppc0706	427400.0	6654850.0	134.51049804500002	1	1	2	0.01	0.001	0.2	1e-05
ppc0707	427400.0	6654875.0	132.347099305	1	1	2	0.01	0.001	0.2	1e-05
ppc0708	427400.0	6654900.0	130.56124878	1	1	2	0.01	0.001	0.2	1e-05
ppc0709	427400.0	6654925.0	129.896598815	1	1	2	0.01	0.001	0.2	1e-05
ppc0710	427400.0	6654950.0	130.02634811500002	1	1	2	0.01	0.001	0.2	1e-05
ppc0711	427400.0	6654975.0	130.14739609	1	1	2	0.01	0.001	0.2	1e-05
ppc0712	427400.0	6655000.0	130.61519622499998	1	1	2	0.01	0.001	0.2	1e-05
ppc0713	427400.0	6655025.0	130.75675201500002	1	1	2	0.01	0.001	0.2	1e-05
ppc0714	427400.0	6655050.0	131.00505066	1	1	2	0.01	0.001	0.2	1e-05
ppc0715	427400.0	6655075.0	131.06494903499998	1	1	2	0.01	0.001	0.2	1e-05
ppc0716	427400.0	6655100.0	132.04985046000002	1	1	2	0.01	0.001	0.2	1e-05
ppc0717	427400.0	6655125.0	133.37715149000002	1	1	2	0.01	0.001	0.2	1e-05
ppc0718	427400.0	6655150.0	135.32009887499999	1	1	2	0.01	0.001	0.2	1e-05
ppc0719	427400.0	6655175.0	136.14614868	1	1	2	0.01	0.001	0.2	1e-05
ppc0720	427400.0	6655200.0	136.461395265	1	1	2	0.01	0.001	0.2	1e-05
ppc0721	427400.0	6655225.0	136.659194945	1	1	2	0.01	0.001	0.2	1e-05
ppc0722	427400.0	6655250.0	137.34425354	1	1	2	0.01	0.001	0.2	1e-05
ppc0723	427400.0	6655275.0	137.84619903499998	1	1	2	0.01	0.001	0.2	1e-05
ppc0724	427425.0	6654800.0	139.780799865	1	1	2	0.01	0.001	0.2	1e-05
ppc0725	427425.0	6654825.0	137.71600342	1	1	2	0.01	0.001	0.2	1e-05
ppc0726	427425.0	6654850.0	135.11519622499998	1	1	2	0.01	0.001	0.2	1e-05
ppc0727	427425.0	6654875.0	132.525749205	1	1	2	0.01	0.001	0.2	1e-05
ppc0728	427425.0	6654900.0	131.226852415	1	1	2	0.01	0.001	0.2	1e-05
ppc0729	427425.0	6654925.0	130.289001465	1	1	2	0.01	0.001	0.2	1e-05
ppc0730	427425.0	6654950.0	131.16099548	1	1	2	0.01	0.001	0.2	1e-05
ppc0731	427425.0	6654975.0	130.999847415	1	1	2	0.01	0.001	0.2	1e-05
ppc0732	427425.0	6655000.0	131.822799685	1	1	2	0.01	0.001	0.2	1e-05
ppc0733	427425.0	6655025.0	132.49635315	1	1	2	0.01	0.001	0.2	1e-05
ppc0734	427425.0	6655050.0	132.74079895	1	1	2	0.01	0.001	0.2	1e-05
ppc0735	427425.0	6655075.0	132.803245545	1	1	2	0.01	0.001	0.2	1e-05
ppc0736	427425.0	6655100.0	132.40634918	1	1	2	0.01	0.001	0.2	1e-05
ppc0737	427425.0	6655125.0	133.41835022	1	1	2	0.01	0.001	0.2	1e-05
ppc0738	427425.0	6655150.0	134.39904785	1	1	2	0.01	0.001	0.2	1e-05
ppc0739	427425.0	6655175.0	135.476600645	1	1	2	0.01	0.001	0.2	1e-05
ppc0740	427425.0	6655200.0	136.30310058499998	1	1	2	0.01	0.001	0.2	1e-05
ppc0741	427425.0	6655225.0	136.885803225	1	1	2	0.01	0.001	0.2	1e-05
ppc0742	427425.0	6655250.0	137.610801695	1	1	2	0.01	0.001	0.2	1e-05
ppc0743	427425.0	6655275.0	138.347755435	1	1	2	0.01	0.001	0.2	1e-05
ppc0744	427450.0	6654850.0	137.04785156000003	1	1	2	0.01	0.001	0.2	1e-05
ppc0745	427450.0	6654875.0	134.080352785	1	1	2	0.01	0.001	0.2	1e-05
ppc0746	427450.0	6654900.0	132.32160187	1	1	2	0.01	0.001	0.2	1e-05
ppc0747	427450.0	6654925.0	131.760650635	1	1	2	0.01	0.001	0.2	1e-05
ppc0748	427450.0	6654950.0	130.51945495500001	1	1	2	0.01	0.001	0.2	1e-05
ppc0749	427450.0	6654975.0	130.83195495500001	1	1	2	0.01	0.001	0.2	1e-05
ppc0750	427450.0	6655000.0	131.63130188000002	1	1	2	0.01	0.001	0.2	1e-05
ppc0751	427450.0	6655025.0	132.71305084	1	1	2	0.01	0.001	0.2	1e-05
ppc0752	427450.0	6655050.0	134.54695129499999	1	1	2	0.01	0.001	0.2	1e-05
ppc0753	427450.0	6655075.0	134.434455875	1	1	2	0.01	0.001	0.2	1e-05
ppc0754	427450.0	6655100.0	133.81829834	1	1	2	0.01	0.001	0.2	1e-05
ppc0755	427450.0	6655125.0	133.92765045	1	1	2	0.01	0.001	0.2	1e-05
ppc0756	427450.0	6655150.0	133.6072464	1	1	2	0.01	0.001	0.2	1e-05
ppc0757	427450.0	6655175.0	134.69540405499998	1	1	2	0.01	0.001	0.2	1e-05
ppc0758	427450.0	6655200.0	136.23335265999998	1	1	2	0.01	0.001	0.2	1e-05
ppc0759	427450.0	6655225.0	137.23480224500003	1	1	2	0.01	0.001	0.2	1e-05
ppc0760	427450.0	6655250.0	138.137901305	1	1	2	0.01	0.001	0.2	1e-05
ppc0761	427450.0	6655275.0	138.7628479	1	1	2	0.01	0.001	0.2	1e-05
ppc0762	427475.0	6654875.0	137.78329467999998	1	1	2	0.01	0.001	0.2	1e-05
ppc0763	427475.0	6654900.0	134.92399597	1	1	2	0.01	0.001	0.2	1e-05
ppc0764	427475.0	6654925.0	132.82264709499998	1	1	2	0.01	0.001	0.2	1e-05
ppc0765	427475.0	6654950.0	131.92375183000001	1	1	2	0.01	0.001	0.2	1e-05
ppc0766	427475.0	6654975.0	130.771297455	1	1	2	0.01	0.001	0.2	1e-05
ppc0767	427475.0	6655000.0	130.57814789	1	1	2	0.01	0.001	0.2	1e-05
ppc0768	427475.0	6655025.0	133.23034668	1	1	2	0.01	0.001	0.2	1e-05
ppc0769	427475.0	6655050.0	135.127250675	1	1	2	0.01	0.001	0.2	1e-05
ppc0770	427475.0	6655075.0	135.37310028000002	1	1	2	0.01	0.001	0.2	1e-05
ppc0771	427475.0	6655100.0	134.57060242	1	1	2	0.01	0.001	0.2	1e-05
ppc0772	427475.0	6655125.0	135.13405609	1	1	2	0.01	0.001	0.2	1e-05
ppc0773	427475.0	6655150.0	134.73699951499998	1	1	2	0.01	0.001	0.2	1e-05
ppc0774	427475.0	6655175.0	134.684295655	1	1	2	0.01	0.001	0.2	1e-05
ppc0775	427475.0	6655200.0	136.015449525	1	1	2	0.01	0.001	0.2	1e-05
ppc0776	427475.0	6655225.0	137.73789978	1	1	2	0.01	0.001	0.2	1e-05
ppc0777	427475.0	6655250.0	138.75920105	1	1	2	0.01	0.001	0.2	1e-05
ppc0778	427475.0	6655275.0	139.076148985	1	1	2	0.01	0.001	0.2	1e-05
ppc0779	427500.0	6654900.0	137.81330109	1	1	2	0.01	0.001	0.2	1e-05
ppc0780	427500.0	6654925.0	135.110549925	1	1	2	0.01	0.001	0.2	1e-05
ppc0781	427500.0	6654950.0	132.9118042	1	1	2	0.01	0.001	0.2	1e-05
ppc0782	427500.0	6654975.0	132.52355194	1	1	2	0.01	0.001	0.2	1e-05
ppc0783	427500.0	6655000.0	131.35684966999997	1	1	2	0.01	0.001	0.2	1e-05
ppc0784	427500.0	6655025.0	132.40850067000002	1	1	2	0.01	0.001	0.2	1e-05
ppc0785	427500.0	6655050.0	134.310203555	1	1	2	0.01	0.001	0.2	1e-05
ppc0786	427500.0	6655075.0	135.037452695	1	1	2	0.01	0.001	0.2	1e-05
ppc0787	427500.0	6655100.0	135.4743042	1	1	2	0.01	0.001	0.2	1e-05
ppc0788	427500.0	6655125.0	135.64360046500002	1	1	2	0.01	0.001	0.2	1e-05
ppc0789	427500.0	6655150.0	135.746948245	1	1	2	0.01	0.001	0.2	1e-05
ppc0790	427500.0	6655175.0	135.98345184	1	1	2	0.01	0.001	0.2	1e-05
ppc0791	427500.0	6655200.0	137.02294922	1	1	2	0.01	0.001	0.2	1e-05
ppc0792	427500.0	6655225.0	138.16230011	1	1	2	0.01	0.001	0.2	1e-05
ppc0793	427500.0	6655250.0	139.06010436999998	1	1	2	0.01	0.001	0.2	1e-05
ppc0794	427525.0	6654925.0	137.633499145	1	1	2	0.01	0.001	0.2	1e-05
ppc0795	427525.0	6654950.0	135.27899933	1	1	2	0.01	0.001	0.2	1e-05
ppc0796	427525.0	6654975.0	134.00794982999997	1	1	2	0.01	0.001	0.2	1e-05
ppc0797	427525.0	6655000.0	133.21574402	1	1	2	0.01	0.001	0.2	1e-05
ppc0798	427525.0	6655025.0	133.92829895	1	1	2	0.01	0.001	0.2	1e-05
ppc0799	427525.0	6655050.0	135.014053345	1	1	2	0.01	0.001	0.2	1e-05
ppc0800	427525.0	6655075.0	135.83995056	1	1	2	0.01	0.001	0.2	1e-05
ppc0801	427525.0	6655100.0	135.72024536	1	1	2	0.01	0.001	0.2	1e-05
ppc0802	427525.0	6655125.0	136.10749816999999	1	1	2	0.01	0.001	0.2	1e-05
ppc0803	427525.0	6655150.0	136.63154601999997	1	1	2	0.01	0.001	0.2	1e-05
ppc0804	427525.0	6655175.0	137.608955385	1	1	2	0.01	0.001	0.2	1e-05
ppc0805	427525.0	6655200.0	138.276496885	1	1	2	0.01	0.001	0.2	1e-05
ppc0806	427525.0	6655225.0	138.59864807	1	1	2	0.01	0.001	0.2	1e-05
ppc0807	427550.0	6654950.0	138.250144955	1	1	2	0.01	0.001	0.2	1e-05
ppc0808	427550.0	6654975.0	135.819900515	1	1	2	0.01	0.001	0.2	1e-05
ppc0809	427550.0	6655000.0	136.127746585	1	1	2	0.01	0.001	0.2	1e-05
ppc0810	427550.0	6655025.0	136.431251525	1	1	2	0.01	0.001	0.2	1e-05
ppc0811	427550.0	6655050.0	136.56890106	1	1	2	0.01	0.001	0.2	1e-05
ppc0812	427550.0	6655075.0	136.32699585	1	1	2	0.01	0.001	0.2	1e-05
ppc0813	427550.0	6655100.0	136.689155575	1	1	2	0.01	0.001	0.2	1e-05
ppc0814	427550.0	6655125.0	137.04425049000002	1	1	2	0.01	0.001	0.2	1e-05
ppc0815	427550.0	6655150.0	137.59715271	1	1	2	0.01	0.001	0.2	1e-05
ppc0816	427550.0	6655175.0	138.37815094	1	1	2	0.01	0.001	0.2	1e-05
ppc0817	427550.0	6655200.0	139.082496645	1	1	2	0.01	0.001	0.2	1e-05
ppc0818	427575.0	6654975.0	140.137947085	1	1	2	0.01	0.001	0.2	1e-05
ppc0819	427575.0	6655000.0	139.038398745	1	1	2	0.01	0.001	0.2	1e-05
ppc0820	427575.0	6655025.0	138.638702395	1	1	2	0.01	0.001	0.2	1e-05
ppc0821	427575.0	6655050.0	138.38290405499998	1	1	2	0.01	0.001	0.2	1e-05
ppc0822	427575.0	6655075.0	137.817253115	1	1	2	0.01	0.001	0.2	1e-05
ppc0823	427575.0	6655100.0	137.667144775	1	1	2	0.01	0.001	0.2	1e-05
ppc0824	427575.0	6655125.0	137.88684845	1	1	2	0.01	0.001	0.2	1e-05
ppc0825	427575.0	6655150.0	138.401550295	1	1	2	0.01	0.001	0.2	1e-05
ppc0826	427575.0	6655175.0	139.049201965	1	1	2	0.01	0.001	0.2	1e-05
ppc0827	427600.0	6655025.0	140.81109619	1	1	2	0.01	0.001	0.2	1e-05
ppc0828	427600.0	6655050.0	139.77880096500002	1	1	2	0.01	0.001	0.2	1e-05
ppc0829	427600.0	6655075.0	138.99925231999998	1	1	2	0.01	0.001	0.2	1e-05
ppc0830	427600.0	6655100.0	138.16809845	1	1	2	0.01	0.001	0.2	1e-05
ppc0831	427600.0	6655125.0	138.29830169500002	1	1	2	0.01	0.001	0.2	1e-05
ppc0832	427600.0	6655150.0	138.583694455	1	1	2	0.01	0.001	0.2	1e-05
ppc0833	427625.0	6655075.0	139.39105225	1	1	2	0.01	0.001	0.2	1e-05
ppc0834	427625.0	6655100.0	138.68994903499998	1	1	2	0.01	0.001	0.2	1e-05
ppc0835	427625.0	6655125.0	138.3980484	1	1	2	0.01	0.001	0.2	1e-05
ppc0836	426900.0	6654800.0	117.29524994	1	1	3	50.0	1.0	0.2	1e-05
ppc0837	426900.0	6654825.0	117.72924804499999	1	1	3	50.0	1.0	0.2	1e-05
ppc0838	426900.0	6654850.0	119.3940506	1	1	3	50.0	1.0	0.2	1e-05
ppc0839	426900.0	6654875.0	120.32455063	1	1	3	50.0	1.0	0.2	1e-05
ppc0840	426900.0	6654900.0	121.43045044	1	1	3	50.0	1.0	0.2	1e-05
ppc0841	426925.0	6654775.0	117.073196415	1	1	3	50.0	1.0	0.2	1e-05
ppc0842	426925.0	6654800.0	117.19174957499999	1	1	3	50.0	1.0	0.2	1e-05
ppc0843	426925.0	6654825.0	117.705200195	1	1	3	50.0	1.0	0.2	1e-05
ppc0844	426925.0	6654850.0	118.39179992499999	1	1	3	50.0	1.0	0.2	1e-05
ppc0845	426925.0	6654875.0	120.22990035999999	1	1	3	50.0	1.0	0.2	1e-05
ppc0846	426925.0	6654900.0	121.491802215	1	1	3	50.0	1.0	0.2	1e-05
ppc0847	426925.0	6654925.0	122.012348175	1	1	3	50.0	1.0	0.2	1e-05
ppc0848	426950.0	6654750.0	117.321800235	1	1	3	50.0	1.0	0.2	1e-05
ppc0849	426950.0	6654775.0	117.156353	1	1	3	50.0	1.0	0.2	1e-05
ppc0850	426950.0	6654800.0	117.297149655	1	1	3	50.0	1.0	0.2	1e-05
ppc0851	426950.0	6654825.0	117.761600495	1	1	3	50.0	1.0	0.2	1e-05
ppc0852	426950.0	6654850.0	118.644901275	1	1	3	50.0	1.0	0.2	1e-05
ppc0853	426950.0	6654875.0	119.87245178	1	1	3	50.0	1.0	0.2	1e-05
ppc0854	426950.0	6654900.0	121.476902005	1	1	3	50.0	1.0	0.2	1e-05
ppc0855	426950.0	6654925.0	122.103450775	1	1	3	50.0	1.0	0.2	1e-05
ppc0856	426950.0	6654950.0	123.287849425	1	1	3	50.0	1.0	0.2	1e-05
ppc0857	426975.0	6654725.0	117.621498105	1	1	3	50.0	1.0	0.2	1e-05
ppc0858	426975.0	6654750.0	117.326602935	1	1	3	50.0	1.0	0.2	1e-05
ppc0859	426975.0	6654775.0	117.15665053999999	1	1	3	50.0	1.0	0.2	1e-05
ppc0860	426975.0	6654800.0	117.270851135	1	1	3	50.0	1.0	0.2	1e-05
ppc0861	426975.0	6654825.0	118.00730133	1	1	3	50.0	1.0	0.2	1e-05
ppc0862	426975.0	6654850.0	119.183597565	1	1	3	50.0	1.0	0.2	1e-05
ppc0863	426975.0	6654875.0	120.182949065	1	1	3	50.0	1.0	0.2	1e-05
ppc0864	426975.0	6654900.0	121.08380127000001	1	1	3	50.0	1.0	0.2	1e-05
ppc0865	426975.0	6654925.0	122.72660064499999	1	1	3	50.0	1.0	0.2	1e-05
ppc0866	426975.0	6654950.0	123.475097655	1	1	3	50.0	1.0	0.2	1e-05
ppc0867	426975.0	6654975.0	123.98894882	1	1	3	50.0	1.0	0.2	1e-05
ppc0868	427000.0	6654725.0	117.635749815	1	1	3	50.0	1.0	0.2	1e-05
ppc0869	427000.0	6654750.0	117.270549775	1	1	3	50.0	1.0	0.2	1e-05
ppc0870	427000.0	6654775.0	117.214351655	1	1	3	50.0	1.0	0.2	1e-05
ppc0871	427000.0	6654800.0	117.278297425	1	1	3	50.0	1.0	0.2	1e-05
ppc0872	427000.0	6654825.0	118.01315307499999	1	1	3	50.0	1.0	0.2	1e-05
ppc0873	427000.0	6654850.0	119.13824844000001	1	1	3	50.0	1.0	0.2	1e-05
ppc0874	427000.0	6654875.0	120.301048275	1	1	3	50.0	1.0	0.2	1e-05
ppc0875	427000.0	6654900.0	121.491699215	1	1	3	50.0	1.0	0.2	1e-05
ppc0876	427000.0	6654925.0	122.56145096	1	1	3	50.0	1.0	0.2	1e-05
ppc0877	427000.0	6654950.0	123.35664749	1	1	3	50.0	1.0	0.2	1e-05
ppc0878	427000.0	6654975.0	123.76065063499999	1	1	3	50.0	1.0	0.2	1e-05
ppc0879	427000.0	6655000.0	124.137500765	1	1	3	50.0	1.0	0.2	1e-05
ppc0880	427025.0	6654725.0	117.12989807	1	1	3	50.0	1.0	0.2	1e-05
ppc0881	427025.0	6654750.0	117.47299957	1	1	3	50.0	1.0	0.2	1e-05
ppc0882	427025.0	6654775.0	117.057746885	1	1	3	50.0	1.0	0.2	1e-05
ppc0883	427025.0	6654800.0	117.223300935	1	1	3	50.0	1.0	0.2	1e-05
ppc0884	427025.0	6654825.0	117.70744705499999	1	1	3	50.0	1.0	0.2	1e-05
ppc0885	427025.0	6654850.0	118.68500137000001	1	1	3	50.0	1.0	0.2	1e-05
ppc0886	427025.0	6654875.0	120.220996855	1	1	3	50.0	1.0	0.2	1e-05
ppc0887	427025.0	6654900.0	121.65519714	1	1	3	50.0	1.0	0.2	1e-05
ppc0888	427025.0	6654925.0	122.299900055	1	1	3	50.0	1.0	0.2	1e-05
ppc0889	427025.0	6654950.0	122.825050355	1	1	3	50.0	1.0	0.2	1e-05
ppc0890	427025.0	6654975.0	123.335948945	1	1	3	50.0	1.0	0.2	1e-05
ppc0891	427025.0	6655000.0	123.585250855	1	1	3	50.0	1.0	0.2	1e-05
ppc0892	427025.0	6655025.0	123.90774917499999	1	1	3	50.0	1.0	0.2	1e-05
ppc0893	427050.0	6654725.0	117.44144821	1	1	3	50.0	1.0	0.2	1e-05
ppc0894	427050.0	6654750.0	117.10749817	1	1	3	50.0	1.0	0.2	1e-05
ppc0895	427050.0	6654775.0	116.990699765	1	1	3	50.0	1.0	0.2	1e-05
ppc0896	427050.0	6654800.0	116.899349215	1	1	3	50.0	1.0	0.2	1e-05
ppc0897	427050.0	6654825.0	117.611301425	1	1	3	50.0	1.0	0.2	1e-05
ppc0898	427050.0	6654850.0	118.54940033	1	1	3	50.0	1.0	0.2	1e-05
ppc0899	427050.0	6654875.0	120.066200255	1	1	3	50.0	1.0	0.2	1e-05
ppc0900	427050.0	6654900.0	121.335849765	1	1	3	50.0	1.0	0.2	1e-05
ppc0901	427050.0	6654925.0	122.10735321000001	1	1	3	50.0	1.0	0.2	1e-05
ppc0902	427050.0	6654950.0	122.42559814500001	1	1	3	50.0	1.0	0.2	1e-05
ppc0903	427050.0	6654975.0	122.713249205	1	1	3	50.0	1.0	0.2	1e-05
ppc0904	427050.0	6655000.0	123.009449005	1	1	3	50.0	1.0	0.2	1e-05
ppc0905	427050.0	6655025.0	123.31444931499999	1	1	3	50.0	1.0	0.2	1e-05
ppc0906	427075.0	6654725.0	117.81129837	1	1	3	50.0	1.0	0.2	1e-05
ppc0907	427075.0	6654750.0	117.32135009999999	1	1	3	50.0	1.0	0.2	1e-05
ppc0908	427075.0	6654775.0	117.159648895	1	1	3	50.0	1.0	0.2	1e-05
ppc0909	427075.0	6654800.0	116.902050015	1	1	3	50.0	1.0	0.2	1e-05
ppc0910	427075.0	6654825.0	117.66049957499999	1	1	3	50.0	1.0	0.2	1e-05
ppc0911	427075.0	6654850.0	119.04845047	1	1	3	50.0	1.0	0.2	1e-05
ppc0912	427075.0	6654875.0	120.15745163	1	1	3	50.0	1.0	0.2	1e-05
ppc0913	427075.0	6654900.0	121.01710129	1	1	3	50.0	1.0	0.2	1e-05
ppc0914	427075.0	6654925.0	121.882499695	1	1	3	50.0	1.0	0.2	1e-05
ppc0915	427075.0	6654950.0	122.29024887	1	1	3	50.0	1.0	0.2	1e-05
ppc0916	427075.0	6654975.0	122.34149933	1	1	3	50.0	1.0	0.2	1e-05
ppc0917	427075.0	6655000.0	122.48690033	1	1	3	50.0	1.0	0.2	1e-05
ppc0918	427075.0	6655025.0	122.8818512	1	1	3	50.0	1.0	0.2	1e-05
ppc0919	427100.0	6654725.0	118.39834976	1	1	3	50.0	1.0	0.2	1e-05
ppc0920	427100.0	6654750.0	118.25029755	1	1	3	50.0	1.0	0.2	1e-05
ppc0921	427100.0	6654775.0	117.57624816500001	1	1	3	50.0	1.0	0.2	1e-05
ppc0922	427100.0	6654800.0	117.871047975	1	1	3	50.0	1.0	0.2	1e-05
ppc0923	427100.0	6654825.0	118.43954848999999	1	1	3	50.0	1.0	0.2	1e-05
ppc0924	427100.0	6654850.0	119.640102385	1	1	3	50.0	1.0	0.2	1e-05
ppc0925	427100.0	6654875.0	120.392047885	1	1	3	50.0	1.0	0.2	1e-05
ppc0926	427100.0	6654900.0	121.370601655	1	1	3	50.0	1.0	0.2	1e-05
ppc0927	427100.0	6654925.0	122.060199735	1	1	3	50.0	1.0	0.2	1e-05
ppc0928	427100.0	6654950.0	122.296253205	1	1	3	50.0	1.0	0.2	1e-05
ppc0929	427100.0	6654975.0	122.35914993	1	1	3	50.0	1.0	0.2	1e-05
ppc0930	427100.0	6655000.0	122.369350435	1	1	3	50.0	1.0	0.2	1e-05
ppc0931	427100.0	6655025.0	122.581848145	1	1	3	50.0	1.0	0.2	1e-05
ppc0932	427125.0	6654725.0	119.30804824500001	1	1	3	50.0	1.0	0.2	1e-05
ppc0933	427125.0	6654750.0	119.070049285	1	1	3	50.0	1.0	0.2	1e-05
ppc0934	427125.0	6654775.0	118.8390007	1	1	3	50.0	1.0	0.2	1e-05
ppc0935	427125.0	6654800.0	118.85849762000001	1	1	3	50.0	1.0	0.2	1e-05
ppc0936	427125.0	6654825.0	119.613998415	1	1	3	50.0	1.0	0.2	1e-05
ppc0937	427125.0	6654850.0	120.14334869000001	1	1	3	50.0	1.0	0.2	1e-05
ppc0938	427125.0	6654875.0	121.30035019	1	1	3	50.0	1.0	0.2	1e-05
ppc0939	427125.0	6654900.0	122.163848875	1	1	3	50.0	1.0	0.2	1e-05
ppc0940	427125.0	6654925.0	122.70319748	1	1	3	50.0	1.0	0.2	1e-05
ppc0941	427125.0	6654950.0	122.75450133999999	1	1	3	50.0	1.0	0.2	1e-05
ppc0942	427125.0	6654975.0	122.59759903	1	1	3	50.0	1.0	0.2	1e-05
ppc0943	427125.0	6655000.0	122.529151915	1	1	3	50.0	1.0	0.2	1e-05
ppc0944	427125.0	6655025.0	122.61045074500001	1	1	3	50.0	1.0	0.2	1e-05
ppc0945	427150.0	6654725.0	119.69300079	1	1	3	50.0	1.0	0.2	1e-05
ppc0946	427150.0	6654750.0	120.04854965000001	1	1	3	50.0	1.0	0.2	1e-05
ppc0947	427150.0	6654775.0	120.060401915	1	1	3	50.0	1.0	0.2	1e-05
ppc0948	427150.0	6654800.0	120.0080986	1	1	3	50.0	1.0	0.2	1e-05
ppc0949	427150.0	6654825.0	120.09804916499999	1	1	3	50.0	1.0	0.2	1e-05
ppc0950	427150.0	6654850.0	121.00004959500001	1	1	3	50.0	1.0	0.2	1e-05
ppc0951	427150.0	6654875.0	122.213050845	1	1	3	50.0	1.0	0.2	1e-05
ppc0952	427150.0	6654900.0	123.14179992499999	1	1	3	50.0	1.0	0.2	1e-05
ppc0953	427150.0	6654925.0	123.27559662	1	1	3	50.0	1.0	0.2	1e-05
ppc0954	427150.0	6654950.0	123.27185058500001	1	1	3	50.0	1.0	0.2	1e-05
ppc0955	427150.0	6654975.0	123.18645096	1	1	3	50.0	1.0	0.2	1e-05
ppc0956	427150.0	6655000.0	123.027698515	1	1	3	50.0	1.0	0.2	1e-05
ppc0957	427150.0	6655025.0	122.96944809	1	1	3	50.0	1.0	0.2	1e-05
ppc0958	427175.0	6654725.0	120.1149025	1	1	3	50.0	1.0	0.2	1e-05
ppc0959	427175.0	6654750.0	120.44744873	1	1	3	50.0	1.0	0.2	1e-05
ppc0960	427175.0	6654775.0	120.466453555	1	1	3	50.0	1.0	0.2	1e-05
ppc0961	427175.0	6654800.0	120.439701085	1	1	3	50.0	1.0	0.2	1e-05
ppc0962	427175.0	6654825.0	120.977149965	1	1	3	50.0	1.0	0.2	1e-05
ppc0963	427175.0	6654850.0	121.995651245	1	1	3	50.0	1.0	0.2	1e-05
ppc0964	427175.0	6654875.0	122.97029877	1	1	3	50.0	1.0	0.2	1e-05
ppc0965	427175.0	6654900.0	123.7934494	1	1	3	50.0	1.0	0.2	1e-05
ppc0966	427175.0	6654925.0	123.888549805	1	1	3	50.0	1.0	0.2	1e-05
ppc0967	427175.0	6654950.0	123.75399780000001	1	1	3	50.0	1.0	0.2	1e-05
ppc0968	427175.0	6654975.0	123.93175124999999	1	1	3	50.0	1.0	0.2	1e-05
ppc0969	427175.0	6655000.0	123.62490082	1	1	3	50.0	1.0	0.2	1e-05
ppc0970	427175.0	6655025.0	123.45160294	1	1	3	50.0	1.0	0.2	1e-05
ppc0971	427175.0	6655050.0	123.42294693	1	1	3	50.0	1.0	0.2	1e-05
ppc0972	427200.0	6654725.0	120.23850250000001	1	1	3	50.0	1.0	0.2	1e-05
ppc0973	427200.0	6654750.0	120.408851625	1	1	3	50.0	1.0	0.2	1e-05
ppc0974	427200.0	6654775.0	120.433948515	1	1	3	50.0	1.0	0.2	1e-05
ppc0975	427200.0	6654800.0	120.658599855	1	1	3	50.0	1.0	0.2	1e-05
ppc0976	427200.0	6654825.0	121.30905151	1	1	3	50.0	1.0	0.2	1e-05
ppc0977	427200.0	6654850.0	122.63914871	1	1	3	50.0	1.0	0.2	1e-05
ppc0978	427200.0	6654875.0	123.565998075	1	1	3	50.0	1.0	0.2	1e-05
ppc0979	427200.0	6654900.0	124.04030227499999	1	1	3	50.0	1.0	0.2	1e-05
ppc0980	427200.0	6654925.0	124.33049774	1	1	3	50.0	1.0	0.2	1e-05
ppc0981	427200.0	6654950.0	124.29320145	1	1	3	50.0	1.0	0.2	1e-05
ppc0982	427200.0	6654975.0	124.03660202	1	1	3	50.0	1.0	0.2	1e-05
ppc0983	427200.0	6655000.0	123.90069962000001	1	1	3	50.0	1.0	0.2	1e-05
ppc0984	427200.0	6655025.0	123.96504974000001	1	1	3	50.0	1.0	0.2	1e-05
ppc0985	427200.0	6655050.0	124.10984802	1	1	3	50.0	1.0	0.2	1e-05
ppc0986	427200.0	6655075.0	124.52055358999999	1	1	3	50.0	1.0	0.2	1e-05
ppc0987	427225.0	6654725.0	120.637752535	1	1	3	50.0	1.0	0.2	1e-05
ppc0988	427225.0	6654750.0	120.495601655	1	1	3	50.0	1.0	0.2	1e-05
ppc0989	427225.0	6654775.0	120.50830078	1	1	3	50.0	1.0	0.2	1e-05
ppc0990	427225.0	6654800.0	120.976848605	1	1	3	50.0	1.0	0.2	1e-05
ppc0991	427225.0	6654825.0	122.071502685	1	1	3	50.0	1.0	0.2	1e-05
ppc0992	427225.0	6654850.0	123.322002415	1	1	3	50.0	1.0	0.2	1e-05
ppc0993	427225.0	6654875.0	123.81230163500001	1	1	3	50.0	1.0	0.2	1e-05
ppc0994	427225.0	6654900.0	124.550849915	1	1	3	50.0	1.0	0.2	1e-05
ppc0995	427225.0	6654925.0	125.12779999	1	1	3	50.0	1.0	0.2	1e-05
ppc0996	427225.0	6654950.0	124.66395187500001	1	1	3	50.0	1.0	0.2	1e-05
ppc0997	427225.0	6654975.0	124.099552155	1	1	3	50.0	1.0	0.2	1e-05
ppc0998	427225.0	6655000.0	123.78229904	1	1	3	50.0	1.0	0.2	1e-05
ppc0999	427225.0	6655025.0	124.030799865	1	1	3	50.0	1.0	0.2	1e-05
ppc1000	427225.0	6655050.0	124.64249802	1	1	3	50.0	1.0	0.2	1e-05
ppc1001	427225.0	6655075.0	125.053497315	1	1	3	50.0	1.0	0.2	1e-05
ppc1002	427225.0	6655100.0	125.88309860499999	1	1	3	50.0	1.0	0.2	1e-05
ppc1003	427250.0	6654725.0	121.534950255	1	1	3	50.0	1.0	0.2	1e-05
ppc1004	427250.0	6654750.0	121.32144928	1	1	3	50.0	1.0	0.2	1e-05
ppc1005	427250.0	6654775.0	121.16165161	1	1	3	50.0	1.0	0.2	1e-05
ppc1006	427250.0	6654800.0	121.933002475	1	1	3	50.0	1.0	0.2	1e-05
ppc1007	427250.0	6654825.0	123.78019714499999	1	1	3	50.0	1.0	0.2	1e-05
ppc1008	427250.0	6654850.0	124.23105240000001	1	1	3	50.0	1.0	0.2	1e-05
ppc1009	427250.0	6654875.0	125.42370224	1	1	3	50.0	1.0	0.2	1e-05
ppc1010	427250.0	6654900.0	125.605350495	1	1	3	50.0	1.0	0.2	1e-05
ppc1011	427250.0	6654925.0	125.58759689	1	1	3	50.0	1.0	0.2	1e-05
ppc1012	427250.0	6654950.0	125.29425049	1	1	3	50.0	1.0	0.2	1e-05
ppc1013	427250.0	6654975.0	123.84804916	1	1	3	50.0	1.0	0.2	1e-05
ppc1014	427250.0	6655000.0	123.69079971	1	1	3	50.0	1.0	0.2	1e-05
ppc1015	427250.0	6655025.0	124.24340057500001	1	1	3	50.0	1.0	0.2	1e-05
ppc1016	427250.0	6655050.0	124.719200135	1	1	3	50.0	1.0	0.2	1e-05
ppc1017	427250.0	6655075.0	125.921150205	1	1	3	50.0	1.0	0.2	1e-05
ppc1018	427250.0	6655100.0	127.19839859000001	1	1	3	50.0	1.0	0.2	1e-05
ppc1019	427250.0	6655125.0	128.44930267	1	1	3	50.0	1.0	0.2	1e-05
ppc1020	427275.0	6654725.0	122.90995025500001	1	1	3	50.0	1.0	0.2	1e-05
ppc1021	427275.0	6654750.0	123.328948975	1	1	3	50.0	1.0	0.2	1e-05
ppc1022	427275.0	6654775.0	123.27334976	1	1	3	50.0	1.0	0.2	1e-05
ppc1023	427275.0	6654800.0	124.54154968	1	1	3	50.0	1.0	0.2	1e-05
ppc1024	427275.0	6654825.0	125.0245018	1	1	3	50.0	1.0	0.2	1e-05
ppc1025	427275.0	6654850.0	126.8411026	1	1	3	50.0	1.0	0.2	1e-05
ppc1026	427275.0	6654875.0	127.51455307	1	1	3	50.0	1.0	0.2	1e-05
ppc1027	427275.0	6654900.0	126.926200865	1	1	3	50.0	1.0	0.2	1e-05
ppc1028	427275.0	6654925.0	125.89994812	1	1	3	50.0	1.0	0.2	1e-05
ppc1029	427275.0	6654950.0	124.46905136000001	1	1	3	50.0	1.0	0.2	1e-05
ppc1030	427275.0	6654975.0	123.254550935	1	1	3	50.0	1.0	0.2	1e-05
ppc1031	427275.0	6655000.0	123.03429794	1	1	3	50.0	1.0	0.2	1e-05
ppc1032	427275.0	6655025.0	124.0027504	1	1	3	50.0	1.0	0.2	1e-05
ppc1033	427275.0	6655050.0	125.293548585	1	1	3	50.0	1.0	0.2	1e-05
ppc1034	427275.0	6655075.0	126.606197355	1	1	3	50.0	1.0	0.2	1e-05
ppc1035	427275.0	6655100.0	128.35839844	1	1	3	50.0	1.0	0.2	1e-05
ppc1036	427275.0	6655125.0	129.89839934999998	1	1	3	50.0	1.0	0.2	1e-05
ppc1037	427275.0	6655150.0	130.24345398	1	1	3	50.0	1.0	0.2	1e-05
ppc1038	427300.0	6654725.0	125.54879761000001	1	1	3	50.0	1.0	0.2	1e-05
ppc1039	427300.0	6654750.0	125.937797545	1	1	3	50.0	1.0	0.2	1e-05
ppc1040	427300.0	6654775.0	127.14910126	1	1	3	50.0	1.0	0.2	1e-05
ppc1041	427300.0	6654800.0	126.754348755	1	1	3	50.0	1.0	0.2	1e-05
ppc1042	427300.0	6654825.0	128.48054886	1	1	3	50.0	1.0	0.2	1e-05
ppc1043	427300.0	6654850.0	129.45664978	1	1	3	50.0	1.0	0.2	1e-05
ppc1044	427300.0	6654875.0	130.25150299	1	1	3	50.0	1.0	0.2	1e-05
ppc1045	427300.0	6654900.0	128.71585083	1	1	3	50.0	1.0	0.2	1e-05
ppc1046	427300.0	6654925.0	126.271549225	1	1	3	50.0	1.0	0.2	1e-05
ppc1047	427300.0	6654950.0	123.694499965	1	1	3	50.0	1.0	0.2	1e-05
ppc1048	427300.0	6654975.0	122.51300049	1	1	3	50.0	1.0	0.2	1e-05
ppc1049	427300.0	6655000.0	122.45885086	1	1	3	50.0	1.0	0.2	1e-05
ppc1050	427300.0	6655025.0	123.667598725	1	1	3	50.0	1.0	0.2	1e-05
ppc1051	427300.0	6655050.0	125.391349795	1	1	3	50.0	1.0	0.2	1e-05
ppc1052	427300.0	6655075.0	127.450351715	1	1	3	50.0	1.0	0.2	1e-05
ppc1053	427300.0	6655100.0	128.959999085	1	1	3	50.0	1.0	0.2	1e-05
ppc1054	427300.0	6655125.0	130.307403565	1	1	3	50.0	1.0	0.2	1e-05
ppc1055	427300.0	6655150.0	131.343955995	1	1	3	50.0	1.0	0.2	1e-05
ppc1056	427300.0	6655175.0	131.63874816999999	1	1	3	50.0	1.0	0.2	1e-05
ppc1057	427325.0	6654725.0	129.00284958	1	1	3	50.0	1.0	0.2	1e-05
ppc1058	427325.0	6654750.0	129.841201785	1	1	3	50.0	1.0	0.2	1e-05
ppc1059	427325.0	6654775.0	129.373298645	1	1	3	50.0	1.0	0.2	1e-05
ppc1060	427325.0	6654800.0	130.70769501	1	1	3	50.0	1.0	0.2	1e-05
ppc1061	427325.0	6654825.0	131.125747685	1	1	3	50.0	1.0	0.2	1e-05
ppc1062	427325.0	6654850.0	132.19694519	1	1	3	50.0	1.0	0.2	1e-05
ppc1063	427325.0	6654875.0	131.53110504	1	1	3	50.0	1.0	0.2	1e-05
ppc1064	427325.0	6654900.0	130.68565368499998	1	1	3	50.0	1.0	0.2	1e-05
ppc1065	427325.0	6654925.0	127.254997255	1	1	3	50.0	1.0	0.2	1e-05
ppc1066	427325.0	6654950.0	123.97274780000001	1	1	3	50.0	1.0	0.2	1e-05
ppc1067	427325.0	6654975.0	122.577850345	1	1	3	50.0	1.0	0.2	1e-05
ppc1068	427325.0	6655000.0	122.750499725	1	1	3	50.0	1.0	0.2	1e-05
ppc1069	427325.0	6655025.0	124.146148685	1	1	3	50.0	1.0	0.2	1e-05
ppc1070	427325.0	6655050.0	125.61784744	1	1	3	50.0	1.0	0.2	1e-05
ppc1071	427325.0	6655075.0	127.460552215	1	1	3	50.0	1.0	0.2	1e-05
ppc1072	427325.0	6655100.0	129.025455475	1	1	3	50.0	1.0	0.2	1e-05
ppc1073	427325.0	6655125.0	130.566398625	1	1	3	50.0	1.0	0.2	1e-05
ppc1074	427325.0	6655150.0	131.4789505	1	1	3	50.0	1.0	0.2	1e-05
ppc1075	427325.0	6655175.0	132.17049408000003	1	1	3	50.0	1.0	0.2	1e-05
ppc1076	427325.0	6655200.0	132.330703735	1	1	3	50.0	1.0	0.2	1e-05
ppc1077	427350.0	6654725.0	131.829597475	1	1	3	50.0	1.0	0.2	1e-05
ppc1078	427350.0	6654750.0	132.07445526499998	1	1	3	50.0	1.0	0.2	1e-05
ppc1079	427350.0	6654775.0	133.04660034	1	1	3	50.0	1.0	0.2	1e-05
ppc1080	427350.0	6654800.0	133.04395294	1	1	3	50.0	1.0	0.2	1e-05
ppc1081	427350.0	6654825.0	132.9993515	1	1	3	50.0	1.0	0.2	1e-05
ppc1082	427350.0	6654850.0	132.200897215	1	1	3	50.0	1.0	0.2	1e-05
ppc1083	427350.0	6654875.0	132.037902835	1	1	3	50.0	1.0	0.2	1e-05
ppc1084	427350.0	6654900.0	130.52429962	1	1	3	50.0	1.0	0.2	1e-05
ppc1085	427350.0	6654925.0	128.079799655	1	1	3	50.0	1.0	0.2	1e-05
ppc1086	427350.0	6654950.0	125.41030121	1	1	3	50.0	1.0	0.2	1e-05
ppc1087	427350.0	6654975.0	123.57065201	1	1	3	50.0	1.0	0.2	1e-05
ppc1088	427350.0	6655000.0	123.582748415	1	1	3	50.0	1.0	0.2	1e-05
ppc1089	427350.0	6655025.0	124.914852145	1	1	3	50.0	1.0	0.2	1e-05
ppc1090	427350.0	6655050.0	126.11254883000001	1	1	3	50.0	1.0	0.2	1e-05
ppc1091	427350.0	6655075.0	127.08130264	1	1	3	50.0	1.0	0.2	1e-05
ppc1092	427350.0	6655100.0	128.73270035000002	1	1	3	50.0	1.0	0.2	1e-05
ppc1093	427350.0	6655125.0	130.50434875500002	1	1	3	50.0	1.0	0.2	1e-05
ppc1094	427350.0	6655150.0	131.370147705	1	1	3	50.0	1.0	0.2	1e-05
ppc1095	427350.0	6655175.0	132.123298645	1	1	3	50.0	1.0	0.2	1e-05
ppc1096	427350.0	6655200.0	132.803596495	1	1	3	50.0	1.0	0.2	1e-05
ppc1097	427350.0	6655225.0	133.3852005	1	1	3	50.0	1.0	0.2	1e-05
ppc1098	427375.0	6654725.0	132.8377533	1	1	3	50.0	1.0	0.2	1e-05
ppc1099	427375.0	6654750.0	134.28409576	1	1	3	50.0	1.0	0.2	1e-05
ppc1100	427375.0	6654775.0	135.54935455499998	1	1	3	50.0	1.0	0.2	1e-05
ppc1101	427375.0	6654800.0	134.989601135	1	1	3	50.0	1.0	0.2	1e-05
ppc1102	427375.0	6654825.0	133.445396425	1	1	3	50.0	1.0	0.2	1e-05
ppc1103	427375.0	6654850.0	132.17124939	1	1	3	50.0	1.0	0.2	1e-05
ppc1104	427375.0	6654875.0	130.37785338999998	1	1	3	50.0	1.0	0.2	1e-05
ppc1105	427375.0	6654900.0	128.98989868500001	1	1	3	50.0	1.0	0.2	1e-05
ppc1106	427375.0	6654925.0	127.87599563500001	1	1	3	50.0	1.0	0.2	1e-05
ppc1107	427375.0	6654950.0	126.276901245	1	1	3	50.0	1.0	0.2	1e-05
ppc1108	427375.0	6654975.0	125.22210312000001	1	1	3	50.0	1.0	0.2	1e-05
ppc1109	427375.0	6655000.0	125.47809982	1	1	3	50.0	1.0	0.2	1e-05
ppc1110	427375.0	6655025.0	125.72940063499999	1	1	3	50.0	1.0	0.2	1e-05
ppc1111	427375.0	6655050.0	126.04125213500001	1	1	3	50.0	1.0	0.2	1e-05
ppc1112	427375.0	6655075.0	126.18024826	1	1	3	50.0	1.0	0.2	1e-05
ppc1113	427375.0	6655100.0	127.900348665	1	1	3	50.0	1.0	0.2	1e-05
ppc1114	427375.0	6655125.0	130.396751405	1	1	3	50.0	1.0	0.2	1e-05
ppc1115	427375.0	6655150.0	131.74530029	1	1	3	50.0	1.0	0.2	1e-05
ppc1116	427375.0	6655175.0	132.92554474	1	1	3	50.0	1.0	0.2	1e-05
ppc1117	427375.0	6655200.0	133.51535034	1	1	3	50.0	1.0	0.2	1e-05
ppc1118	427375.0	6655225.0	134.43434906	1	1	3	50.0	1.0	0.2	1e-05
ppc1119	427375.0	6655250.0	134.5256958	1	1	3	50.0	1.0	0.2	1e-05
ppc1120	427400.0	6654750.0	135.82250213499998	1	1	3	50.0	1.0	0.2	1e-05
ppc1121	427400.0	6654775.0	136.54810333	1	1	3	50.0	1.0	0.2	1e-05
ppc1122	427400.0	6654800.0	135.93244934	1	1	3	50.0	1.0	0.2	1e-05
ppc1123	427400.0	6654825.0	134.02585602	1	1	3	50.0	1.0	0.2	1e-05
ppc1124	427400.0	6654850.0	131.32440185500002	1	1	3	50.0	1.0	0.2	1e-05
ppc1125	427400.0	6654875.0	128.93009949	1	1	3	50.0	1.0	0.2	1e-05
ppc1126	427400.0	6654900.0	127.14059829499999	1	1	3	50.0	1.0	0.2	1e-05
ppc1127	427400.0	6654925.0	126.43014908	1	1	3	50.0	1.0	0.2	1e-05
ppc1128	427400.0	6654950.0	126.76555252	1	1	3	50.0	1.0	0.2	1e-05
ppc1129	427400.0	6654975.0	126.80265045499999	1	1	3	50.0	1.0	0.2	1e-05
ppc1130	427400.0	6655000.0	126.78624725	1	1	3	50.0	1.0	0.2	1e-05
ppc1131	427400.0	6655025.0	126.676651	1	1	3	50.0	1.0	0.2	1e-05
ppc1132	427400.0	6655050.0	126.542499545	1	1	3	50.0	1.0	0.2	1e-05
ppc1133	427400.0	6655075.0	126.32820129499999	1	1	3	50.0	1.0	0.2	1e-05
ppc1134	427400.0	6655100.0	127.73069763000001	1	1	3	50.0	1.0	0.2	1e-05
ppc1135	427400.0	6655125.0	129.55324554499998	1	1	3	50.0	1.0	0.2	1e-05
ppc1136	427400.0	6655150.0	132.01774597	1	1	3	50.0	1.0	0.2	1e-05
ppc1137	427400.0	6655175.0	133.31539917	1	1	3	50.0	1.0	0.2	1e-05
ppc1138	427400.0	6655200.0	134.192649845	1	1	3	50.0	1.0	0.2	1e-05
ppc1139	427400.0	6655225.0	134.34069824	1	1	3	50.0	1.0	0.2	1e-05
ppc1140	427400.0	6655250.0	135.592201235	1	1	3	50.0	1.0	0.2	1e-05
ppc1141	427400.0	6655275.0	135.894447325	1	1	3	50.0	1.0	0.2	1e-05
ppc1142	427425.0	6654800.0	136.93320465	1	1	3	50.0	1.0	0.2	1e-05
ppc1143	427425.0	6654825.0	135.032302855	1	1	3	50.0	1.0	0.2	1e-05
ppc1144	427425.0	6654850.0	131.99304962	1	1	3	50.0	1.0	0.2	1e-05
ppc1145	427425.0	6654875.0	129.115844725	1	1	3	50.0	1.0	0.2	1e-05
ppc1146	427425.0	6654900.0	128.32369995	1	1	3	50.0	1.0	0.2	1e-05
ppc1147	427425.0	6654925.0	127.66804886	1	1	3	50.0	1.0	0.2	1e-05
ppc1148	427425.0	6654950.0	128.458595275	1	1	3	50.0	1.0	0.2	1e-05
ppc1149	427425.0	6654975.0	127.763046265	1	1	3	50.0	1.0	0.2	1e-05
ppc1150	427425.0	6655000.0	128.095199585	1	1	3	50.0	1.0	0.2	1e-05
ppc1151	427425.0	6655025.0	128.813301085	1	1	3	50.0	1.0	0.2	1e-05
ppc1152	427425.0	6655050.0	129.003299715	1	1	3	50.0	1.0	0.2	1e-05
ppc1153	427425.0	6655075.0	128.838497165	1	1	3	50.0	1.0	0.2	1e-05
ppc1154	427425.0	6655100.0	128.152900695	1	1	3	50.0	1.0	0.2	1e-05
ppc1155	427425.0	6655125.0	129.44860077	1	1	3	50.0	1.0	0.2	1e-05
ppc1156	427425.0	6655150.0	131.252204895	1	1	3	50.0	1.0	0.2	1e-05
ppc1157	427425.0	6655175.0	133.20539856	1	1	3	50.0	1.0	0.2	1e-05
ppc1158	427425.0	6655200.0	134.65380096500002	1	1	3	50.0	1.0	0.2	1e-05
ppc1159	427425.0	6655225.0	135.164505005	1	1	3	50.0	1.0	0.2	1e-05
ppc1160	427425.0	6655250.0	136.01420593	1	1	3	50.0	1.0	0.2	1e-05
ppc1161	427425.0	6655275.0	136.838050845	1	1	3	50.0	1.0	0.2	1e-05
ppc1162	427450.0	6654850.0	134.98740387	1	1	3	50.0	1.0	0.2	1e-05
ppc1163	427450.0	6654875.0	132.21144866999998	1	1	3	50.0	1.0	0.2	1e-05
ppc1164	427450.0	6654900.0	130.32460022	1	1	3	50.0	1.0	0.2	1e-05
ppc1165	427450.0	6654925.0	129.774246215	1	1	3	50.0	1.0	0.2	1e-05
ppc1166	427450.0	6654950.0	127.852153775	1	1	3	50.0	1.0	0.2	1e-05
ppc1167	427450.0	6654975.0	127.370651245	1	1	3	50.0	1.0	0.2	1e-05
ppc1168	427450.0	6655000.0	128.030303955	1	1	3	50.0	1.0	0.2	1e-05
ppc1169	427450.0	6655025.0	129.200653075	1	1	3	50.0	1.0	0.2	1e-05
ppc1170	427450.0	6655050.0	131.749855045	1	1	3	50.0	1.0	0.2	1e-05
ppc1171	427450.0	6655075.0	131.22705078500002	1	1	3	50.0	1.0	0.2	1e-05
ppc1172	427450.0	6655100.0	129.92739868500001	1	1	3	50.0	1.0	0.2	1e-05
ppc1173	427450.0	6655125.0	130.350852965	1	1	3	50.0	1.0	0.2	1e-05
ppc1174	427450.0	6655150.0	130.05310058999999	1	1	3	50.0	1.0	0.2	1e-05
ppc1175	427450.0	6655175.0	131.817504885	1	1	3	50.0	1.0	0.2	1e-05
ppc1176	427450.0	6655200.0	133.993995665	1	1	3	50.0	1.0	0.2	1e-05
ppc1177	427450.0	6655225.0	135.356552125	1	1	3	50.0	1.0	0.2	1e-05
ppc1178	427450.0	6655250.0	136.460754395	1	1	3	50.0	1.0	0.2	1e-05
ppc1179	427450.0	6655275.0	137.18180084	1	1	3	50.0	1.0	0.2	1e-05
ppc1180	427475.0	6654875.0	136.775245665	1	1	3	50.0	1.0	0.2	1e-05
ppc1181	427475.0	6654900.0	133.59320068	1	1	3	50.0	1.0	0.2	1e-05
ppc1182	427475.0	6654925.0	130.87335205	1	1	3	50.0	1.0	0.2	1e-05
ppc1183	427475.0	6654950.0	129.56750488	1	1	3	50.0	1.0	0.2	1e-05
ppc1184	427475.0	6654975.0	127.038650515	1	1	3	50.0	1.0	0.2	1e-05
ppc1185	427475.0	6655000.0	126.568599705	1	1	3	50.0	1.0	0.2	1e-05
ppc1186	427475.0	6655025.0	130.140098575	1	1	3	50.0	1.0	0.2	1e-05
ppc1187	427475.0	6655050.0	132.223251345	1	1	3	50.0	1.0	0.2	1e-05
ppc1188	427475.0	6655075.0	132.70240021	1	1	3	50.0	1.0	0.2	1e-05
ppc1189	427475.0	6655100.0	131.47395325000002	1	1	3	50.0	1.0	0.2	1e-05
ppc1190	427475.0	6655125.0	132.19530487	1	1	3	50.0	1.0	0.2	1e-05
ppc1191	427475.0	6655150.0	131.274398805	1	1	3	50.0	1.0	0.2	1e-05
ppc1192	427475.0	6655175.0	130.321350095	1	1	3	50.0	1.0	0.2	1e-05
ppc1193	427475.0	6655200.0	132.72004699500002	1	1	3	50.0	1.0	0.2	1e-05
ppc1194	427475.0	6655225.0	135.42199707	1	1	3	50.0	1.0	0.2	1e-05
ppc1195	427475.0	6655250.0	137.10575104	1	1	3	50.0	1.0	0.2	1e-05
ppc1196	427475.0	6655275.0	137.53855133000002	1	1	3	50.0	1.0	0.2	1e-05
ppc1197	427500.0	6654900.0	136.651046755	1	1	3	50.0	1.0	0.2	1e-05
ppc1198	427500.0	6654925.0	133.43019866999998	1	1	3	50.0	1.0	0.2	1e-05
ppc1199	427500.0	6654950.0	130.40690612999998	1	1	3	50.0	1.0	0.2	1e-05
ppc1200	427500.0	6654975.0	129.653251645	1	1	3	50.0	1.0	0.2	1e-05
ppc1201	427500.0	6655000.0	127.82934569999999	1	1	3	50.0	1.0	0.2	1e-05
ppc1202	427500.0	6655025.0	128.63225174000002	1	1	3	50.0	1.0	0.2	1e-05
ppc1203	427500.0	6655050.0	131.624549865	1	1	3	50.0	1.0	0.2	1e-05
ppc1204	427500.0	6655075.0	132.439201355	1	1	3	50.0	1.0	0.2	1e-05
ppc1205	427500.0	6655100.0	132.79755402	1	1	3	50.0	1.0	0.2	1e-05
ppc1206	427500.0	6655125.0	133.09750366	1	1	3	50.0	1.0	0.2	1e-05
ppc1207	427500.0	6655150.0	132.51805115000002	1	1	3	50.0	1.0	0.2	1e-05
ppc1208	427500.0	6655175.0	131.81790161	1	1	3	50.0	1.0	0.2	1e-05
ppc1209	427500.0	6655200.0	133.42849731500002	1	1	3	50.0	1.0	0.2	1e-05
ppc1210	427500.0	6655225.0	135.573654175	1	1	3	50.0	1.0	0.2	1e-05
ppc1211	427500.0	6655250.0	136.98380279499997	1	1	3	50.0	1.0	0.2	1e-05
ppc1212	427525.0	6654925.0	135.97454834	1	1	3	50.0	1.0	0.2	1e-05
ppc1213	427525.0	6654950.0	133.285095215	1	1	3	50.0	1.0	0.2	1e-05
ppc1214	427525.0	6654975.0	131.28679656999998	1	1	3	50.0	1.0	0.2	1e-05
ppc1215	427525.0	6655000.0	130.36754608	1	1	3	50.0	1.0	0.2	1e-05
ppc1216	427525.0	6655025.0	130.81135559	1	1	3	50.0	1.0	0.2	1e-05
ppc1217	427525.0	6655050.0	132.481552125	1	1	3	50.0	1.0	0.2	1e-05
ppc1218	427525.0	6655075.0	133.400100705	1	1	3	50.0	1.0	0.2	1e-05
ppc1219	427525.0	6655100.0	133.37234497	1	1	3	50.0	1.0	0.2	1e-05
ppc1220	427525.0	6655125.0	133.59075165000002	1	1	3	50.0	1.0	0.2	1e-05
ppc1221	427525.0	6655150.0	133.694496155	1	1	3	50.0	1.0	0.2	1e-05
ppc1222	427525.0	6655175.0	134.37210083	1	1	3	50.0	1.0	0.2	1e-05
ppc1223	427525.0	6655200.0	135.23010254	1	1	3	50.0	1.0	0.2	1e-05
ppc1224	427525.0	6655225.0	135.85054779	1	1	3	50.0	1.0	0.2	1e-05
ppc1225	427550.0	6654950.0	136.06414795	1	1	3	50.0	1.0	0.2	1e-05
ppc1226	427550.0	6654975.0	133.58824921000001	1	1	3	50.0	1.0	0.2	1e-05
ppc1227	427550.0	6655000.0	133.31354523	1	1	3	50.0	1.0	0.2	1e-05
ppc1228	427550.0	6655025.0	133.49534606499998	1	1	3	50.0	1.0	0.2	1e-05
ppc1229	427550.0	6655050.0	133.978744505	1	1	3	50.0	1.0	0.2	1e-05
ppc1230	427550.0	6655075.0	134.14024353000002	1	1	3	50.0	1.0	0.2	1e-05
ppc1231	427550.0	6655100.0	134.297950745	1	1	3	50.0	1.0	0.2	1e-05
ppc1232	427550.0	6655125.0	134.74584961	1	1	3	50.0	1.0	0.2	1e-05
ppc1233	427550.0	6655150.0	135.147605895	1	1	3	50.0	1.0	0.2	1e-05
ppc1234	427550.0	6655175.0	135.775398255	1	1	3	50.0	1.0	0.2	1e-05
ppc1235	427550.0	6655200.0	136.18955231	1	1	3	50.0	1.0	0.2	1e-05
ppc1236	427575.0	6654975.0	137.12419891500002	1	1	3	50.0	1.0	0.2	1e-05
ppc1237	427575.0	6655000.0	136.03910065	1	1	3	50.0	1.0	0.2	1e-05
ppc1238	427575.0	6655025.0	135.75830078	1	1	3	50.0	1.0	0.2	1e-05
ppc1239	427575.0	6655050.0	135.673004155	1	1	3	50.0	1.0	0.2	1e-05
ppc1240	427575.0	6655075.0	135.44909668	1	1	3	50.0	1.0	0.2	1e-05
ppc1241	427575.0	6655100.0	135.40534973	1	1	3	50.0	1.0	0.2	1e-05
ppc1242	427575.0	6655125.0	135.766052245	1	1	3	50.0	1.0	0.2	1e-05
ppc1243	427575.0	6655150.0	136.384552005	1	1	3	50.0	1.0	0.2	1e-05
ppc1244	427575.0	6655175.0	136.781349185	1	1	3	50.0	1.0	0.2	1e-05
ppc1245	427600.0	6655025.0	138.02880096	1	1	3	50.0	1.0	0.2	1e-05
ppc1246	427600.0	6655050.0	137.175506595	1	1	3	50.0	1.0	0.2	1e-05
ppc1247	427600.0	6655075.0	136.556297305	1	1	3	50.0	1.0	0.2	1e-05
ppc1248	427600.0	6655100.0	136.058799745	1	1	3	50.0	1.0	0.2	1e-05
ppc1249	427600.0	6655125.0	136.379455565	1	1	3	50.0	1.0	0.2	1e-05
ppc1250	427600.0	6655150.0	136.722198485	1	1	3	50.0	1.0	0.2	1e-05
ppc1251	427625.0	6655075.0	136.970603945	1	1	3	50.0	1.0	0.2	1e-05
ppc1252	427625.0	6655100.0	136.45240021	1	1	3	50.0	1.0	0.2	1e-05
ppc1253	427625.0	6655125.0	136.41609955	1	1	3	50.0	1.0	0.2	1e-05
