1 0.00027419354838709674
2 0.00027419354838709674
3 0.00027419354838709674
4 0.00027419354838709674
5 0.00027419354838709674
6 0.00027419354838709674
7 0.00027419354838709674
8 0.00027419354838709674
9 0.00027419354838709674
10 0.00027419354838709674
11 0.00027419354838709674
12 0.00027419354838709674
13 0.00027419354838709674
14 0.00027419354838709674
15 0.00027419354838709674
16 0.00027419354838709674
17 0.00027419354838709674
18 0.00027419354838709674
19 0.00027419354838709674
20 0.00027419354838709674
21 0.00027419354838709674
22 0.00027419354838709674
23 0.00027419354838709674
24 0.00027419354838709674
25 0.00027419354838709674
26 0.00027419354838709674
27 0.00027419354838709674
28 0.00027419354838709674
29 0.00027419354838709674
30 0.00027419354838709674
31 0.00027419354838709674
32 0.0002586206896551724
33 0.0002586206896551724
34 0.0002586206896551724
35 0.0002586206896551724
36 0.0002586206896551724
37 0.0002586206896551724
38 0.0002586206896551724
39 0.0002586206896551724
40 0.0002586206896551724
41 0.0002586206896551724
42 0.0002586206896551724
43 0.0002586206896551724
44 0.0002586206896551724
45 0.0002586206896551724
46 0.0002586206896551724
47 0.0002586206896551724
48 0.0002586206896551724
49 0.0002586206896551724
50 0.0002586206896551724
51 0.0002586206896551724
52 0.0002586206896551724
53 0.0002586206896551724
54 0.0002586206896551724
55 0.0002586206896551724
56 0.0002586206896551724
57 0.0002586206896551724
58 0.0002586206896551724
59 0.0002586206896551724
60 0.0002586206896551724
61 0.0005064516129032258
62 0.0005064516129032258
63 0.0005064516129032258
64 0.0005064516129032258
65 0.0005064516129032258
66 0.0005064516129032258
67 0.0005064516129032258
68 0.0005064516129032258
69 0.0005064516129032258
70 0.0005064516129032258
71 0.0005064516129032258
72 0.0005064516129032258
73 0.0005064516129032258
74 0.0005064516129032258
75 0.0005064516129032258
76 0.0005064516129032258
77 0.0005064516129032258
78 0.0005064516129032258
79 0.0005064516129032258
80 0.0005064516129032258
81 0.0005064516129032258
82 0.0005064516129032258
83 0.0005064516129032258
84 0.0005064516129032258
85 0.0005064516129032258
86 0.0005064516129032258
87 0.0005064516129032258
88 0.0005064516129032258
89 0.0005064516129032258
90 0.0005064516129032258
91 0.0005064516129032258
92 0.0010400000000000001
93 0.0010400000000000001
94 0.0010400000000000001
95 0.0010400000000000001
96 0.0010400000000000001
97 0.0010400000000000001
98 0.0010400000000000001
99 0.0010400000000000001
100 0.0010400000000000001
101 0.0010400000000000001
102 0.0010400000000000001
103 0.0010400000000000001
104 0.0010400000000000001
105 0.0010400000000000001
106 0.0010400000000000001
107 0.0010400000000000001
108 0.0010400000000000001
109 0.0010400000000000001
110 0.0010400000000000001
111 0.0010400000000000001
112 0.0010400000000000001
113 0.0010400000000000001
114 0.0010400000000000001
115 0.0010400000000000001
116 0.0010400000000000001
117 0.0010400000000000001
118 0.0010400000000000001
119 0.0010400000000000001
120 0.0010400000000000001
121 0.0010400000000000001
122 0.0020548387096774195
123 0.0020548387096774195
124 0.0020548387096774195
125 0.0020548387096774195
126 0.0020548387096774195
127 0.0020548387096774195
128 0.0020548387096774195
129 0.0020548387096774195
130 0.0020548387096774195
131 0.0020548387096774195
132 0.0020548387096774195
133 0.0020548387096774195
134 0.0020548387096774195
135 0.0020548387096774195
136 0.0020548387096774195
137 0.0020548387096774195
138 0.0020548387096774195
139 0.0020548387096774195
140 0.0020548387096774195
141 0.0020548387096774195
142 0.0020548387096774195
143 0.0020548387096774195
144 0.0020548387096774195
145 0.0020548387096774195
146 0.0020548387096774195
147 0.0020548387096774195
148 0.0020548387096774195
149 0.0020548387096774195
150 0.0020548387096774195
151 0.0020548387096774195
152 0.0020548387096774195
153 0.002213333333333333
154 0.002213333333333333
155 0.002213333333333333
156 0.002213333333333333
157 0.002213333333333333
158 0.002213333333333333
159 0.002213333333333333
160 0.002213333333333333
161 0.002213333333333333
162 0.002213333333333333
163 0.002213333333333333
164 0.002213333333333333
165 0.002213333333333333
166 0.002213333333333333
167 0.002213333333333333
168 0.002213333333333333
169 0.002213333333333333
170 0.002213333333333333
171 0.002213333333333333
172 0.002213333333333333
173 0.002213333333333333
174 0.002213333333333333
175 0.002213333333333333
176 0.002213333333333333
177 0.002213333333333333
178 0.002213333333333333
179 0.002213333333333333
180 0.002213333333333333
181 0.002213333333333333
182 0.002213333333333333
183 0.0025935483870967745
184 0.0025935483870967745
185 0.0025935483870967745
186 0.0025935483870967745
187 0.0025935483870967745
188 0.0025935483870967745
189 0.0025935483870967745
190 0.0025935483870967745
191 0.0025935483870967745
192 0.0025935483870967745
193 0.0025935483870967745
194 0.0025935483870967745
195 0.0025935483870967745
196 0.0025935483870967745
197 0.0025935483870967745
198 0.0025935483870967745
199 0.0025935483870967745
200 0.0025935483870967745
201 0.0025935483870967745
202 0.0025935483870967745
203 0.0025935483870967745
204 0.0025935483870967745
205 0.0025935483870967745
206 0.0025935483870967745
207 0.0025935483870967745
208 0.0025935483870967745
209 0.0025935483870967745
210 0.0025935483870967745
211 0.0025935483870967745
212 0.0025935483870967745
213 0.0025935483870967745
214 0.002403225806451613
215 0.002403225806451613
216 0.002403225806451613
217 0.002403225806451613
218 0.002403225806451613
219 0.002403225806451613
220 0.002403225806451613
221 0.002403225806451613
222 0.002403225806451613
223 0.002403225806451613
224 0.002403225806451613
225 0.002403225806451613
226 0.002403225806451613
227 0.002403225806451613
228 0.002403225806451613
229 0.002403225806451613
230 0.002403225806451613
231 0.002403225806451613
232 0.002403225806451613
233 0.002403225806451613
234 0.002403225806451613
235 0.002403225806451613
236 0.002403225806451613
237 0.002403225806451613
238 0.002403225806451613
239 0.002403225806451613
240 0.002403225806451613
241 0.002403225806451613
242 0.002403225806451613
243 0.002403225806451613
244 0.002403225806451613
245 0.0015599999999999998
246 0.0015599999999999998
247 0.0015599999999999998
248 0.0015599999999999998
249 0.0015599999999999998
250 0.0015599999999999998
251 0.0015599999999999998
252 0.0015599999999999998
253 0.0015599999999999998
254 0.0015599999999999998
255 0.0015599999999999998
256 0.0015599999999999998
257 0.0015599999999999998
258 0.0015599999999999998
259 0.0015599999999999998
260 0.0015599999999999998
261 0.0015599999999999998
262 0.0015599999999999998
263 0.0015599999999999998
264 0.0015599999999999998
265 0.0015599999999999998
266 0.0015599999999999998
267 0.0015599999999999998
268 0.0015599999999999998
269 0.0015599999999999998
270 0.0015599999999999998
271 0.0015599999999999998
272 0.0015599999999999998
273 0.0015599999999999998
274 0.0015599999999999998
275 0.0005516129032258065
276 0.0005516129032258065
277 0.0005516129032258065
278 0.0005516129032258065
279 0.0005516129032258065
280 0.0005516129032258065
281 0.0005516129032258065
282 0.0005516129032258065
283 0.0005516129032258065
284 0.0005516129032258065
285 0.0005516129032258065
286 0.0005516129032258065
287 0.0005516129032258065
288 0.0005516129032258065
289 0.0005516129032258065
290 0.0005516129032258065
291 0.0005516129032258065
292 0.0005516129032258065
293 0.0005516129032258065
294 0.0005516129032258065
295 0.0005516129032258065
296 0.0005516129032258065
297 0.0005516129032258065
298 0.0005516129032258065
299 0.0005516129032258065
300 0.0005516129032258065
301 0.0005516129032258065
302 0.0005516129032258065
303 0.0005516129032258065
304 0.0005516129032258065
305 0.0005516129032258065
306 0.00046666666666666666
307 0.00046666666666666666
308 0.00046666666666666666
309 0.00046666666666666666
310 0.00046666666666666666
311 0.00046666666666666666
312 0.00046666666666666666
313 0.00046666666666666666
314 0.00046666666666666666
315 0.00046666666666666666
316 0.00046666666666666666
317 0.00046666666666666666
318 0.00046666666666666666
319 0.00046666666666666666
320 0.00046666666666666666
321 0.00046666666666666666
322 0.00046666666666666666
323 0.00046666666666666666
324 0.00046666666666666666
325 0.00046666666666666666
326 0.00046666666666666666
327 0.00046666666666666666
328 0.00046666666666666666
329 0.00046666666666666666
330 0.00046666666666666666
331 0.00046666666666666666
332 0.00046666666666666666
333 0.00046666666666666666
334 0.00046666666666666666
335 0.00046666666666666666
336 0.00022903225806451613
337 0.00022903225806451613
338 0.00022903225806451613
339 0.00022903225806451613
340 0.00022903225806451613
341 0.00022903225806451613
342 0.00022903225806451613
343 0.00022903225806451613
344 0.00022903225806451613
345 0.00022903225806451613
346 0.00022903225806451613
347 0.00022903225806451613
348 0.00022903225806451613
349 0.00022903225806451613
350 0.00022903225806451613
351 0.00022903225806451613
352 0.00022903225806451613
353 0.00022903225806451613
354 0.00022903225806451613
355 0.00022903225806451613
356 0.00022903225806451613
357 0.00022903225806451613
358 0.00022903225806451613
359 0.00022903225806451613
360 0.00022903225806451613
361 0.00022903225806451613
362 0.00022903225806451613
363 0.00022903225806451613
364 0.00022903225806451613
365 0.00022903225806451613
366 0.00022903225806451613
367 0.0001903225806451613
368 0.0001903225806451613
369 0.0001903225806451613
370 0.0001903225806451613
371 0.0001903225806451613
372 0.0001903225806451613
373 0.0001903225806451613
374 0.0001903225806451613
375 0.0001903225806451613
376 0.0001903225806451613
377 0.0001903225806451613
378 0.0001903225806451613
379 0.0001903225806451613
380 0.0001903225806451613
381 0.0001903225806451613
382 0.0001903225806451613
383 0.0001903225806451613
384 0.0001903225806451613
385 0.0001903225806451613
386 0.0001903225806451613
387 0.0001903225806451613
388 0.0001903225806451613
389 0.0001903225806451613
390 0.0001903225806451613
391 0.0001903225806451613
392 0.0001903225806451613
393 0.0001903225806451613
394 0.0001903225806451613
395 0.0001903225806451613
396 0.0001903225806451613
397 0.0001903225806451613
398 0.0003142857142857143
399 0.0003142857142857143
400 0.0003142857142857143
401 0.0003142857142857143
402 0.0003142857142857143
403 0.0003142857142857143
404 0.0003142857142857143
405 0.0003142857142857143
406 0.0003142857142857143
407 0.0003142857142857143
408 0.0003142857142857143
409 0.0003142857142857143
410 0.0003142857142857143
411 0.0003142857142857143
412 0.0003142857142857143
413 0.0003142857142857143
414 0.0003142857142857143
415 0.0003142857142857143
416 0.0003142857142857143
417 0.0003142857142857143
418 0.0003142857142857143
419 0.0003142857142857143
420 0.0003142857142857143
421 0.0003142857142857143
422 0.0003142857142857143
423 0.0003142857142857143
424 0.0003142857142857143
425 0.0003142857142857143
426 0.0004419354838709677
427 0.0004419354838709677
428 0.0004419354838709677
429 0.0004419354838709677
430 0.0004419354838709677
431 0.0004419354838709677
432 0.0004419354838709677
433 0.0004419354838709677
434 0.0004419354838709677
435 0.0004419354838709677
436 0.0004419354838709677
437 0.0004419354838709677
438 0.0004419354838709677
439 0.0004419354838709677
440 0.0004419354838709677
441 0.0004419354838709677
442 0.0004419354838709677
443 0.0004419354838709677
444 0.0004419354838709677
445 0.0004419354838709677
446 0.0004419354838709677
447 0.0004419354838709677
448 0.0004419354838709677
449 0.0004419354838709677
450 0.0004419354838709677
451 0.0004419354838709677
452 0.0004419354838709677
453 0.0004419354838709677
454 0.0004419354838709677
455 0.0004419354838709677
456 0.0004419354838709677
457 0.0007266666666666667
458 0.0007266666666666667
459 0.0007266666666666667
460 0.0007266666666666667
461 0.0007266666666666667
462 0.0007266666666666667
463 0.0007266666666666667
464 0.0007266666666666667
465 0.0007266666666666667
466 0.0007266666666666667
467 0.0007266666666666667
468 0.0007266666666666667
469 0.0007266666666666667
470 0.0007266666666666667
471 0.0007266666666666667
472 0.0007266666666666667
473 0.0007266666666666667
474 0.0007266666666666667
475 0.0007266666666666667
476 0.0007266666666666667
477 0.0007266666666666667
478 0.0007266666666666667
479 0.0007266666666666667
480 0.0007266666666666667
481 0.0007266666666666667
482 0.0007266666666666667
483 0.0007266666666666667
484 0.0007266666666666667
485 0.0007266666666666667
486 0.0007266666666666667
487 0.0017258064516129032
488 0.0017258064516129032
489 0.0017258064516129032
490 0.0017258064516129032
491 0.0017258064516129032
492 0.0017258064516129032
493 0.0017258064516129032
494 0.0017258064516129032
495 0.0017258064516129032
496 0.0017258064516129032
497 0.0017258064516129032
498 0.0017258064516129032
499 0.0017258064516129032
500 0.0017258064516129032
501 0.0017258064516129032
502 0.0017258064516129032
503 0.0017258064516129032
504 0.0017258064516129032
505 0.0017258064516129032
506 0.0017258064516129032
507 0.0017258064516129032
508 0.0017258064516129032
509 0.0017258064516129032
510 0.0017258064516129032
511 0.0017258064516129032
512 0.0017258064516129032
513 0.0017258064516129032
514 0.0017258064516129032
515 0.0017258064516129032
516 0.0017258064516129032
517 0.0017258064516129032
518 0.002506666666666667
519 0.002506666666666667
520 0.002506666666666667
521 0.002506666666666667
522 0.002506666666666667
523 0.002506666666666667
524 0.002506666666666667
525 0.002506666666666667
526 0.002506666666666667
527 0.002506666666666667
528 0.002506666666666667
529 0.002506666666666667
530 0.002506666666666667
531 0.002506666666666667
532 0.002506666666666667
533 0.002506666666666667
534 0.002506666666666667
535 0.002506666666666667
536 0.002506666666666667
537 0.002506666666666667
538 0.002506666666666667
539 0.002506666666666667
540 0.002506666666666667
541 0.002506666666666667
542 0.002506666666666667
543 0.002506666666666667
544 0.002506666666666667
545 0.002506666666666667
546 0.002506666666666667
547 0.002506666666666667
548 0.0023193548387096773
549 0.0023193548387096773
550 0.0023193548387096773
551 0.0023193548387096773
552 0.0023193548387096773
553 0.0023193548387096773
554 0.0023193548387096773
555 0.0023193548387096773
556 0.0023193548387096773
557 0.0023193548387096773
558 0.0023193548387096773
559 0.0023193548387096773
560 0.0023193548387096773
561 0.0023193548387096773
562 0.0023193548387096773
563 0.0023193548387096773
564 0.0023193548387096773
565 0.0023193548387096773
566 0.0023193548387096773
567 0.0023193548387096773
568 0.0023193548387096773
569 0.0023193548387096773
570 0.0023193548387096773
571 0.0023193548387096773
572 0.0023193548387096773
573 0.0023193548387096773
574 0.0023193548387096773
575 0.0023193548387096773
576 0.0023193548387096773
577 0.0023193548387096773
578 0.0023193548387096773
579 0.0024741935483870965
580 0.0024741935483870965
581 0.0024741935483870965
582 0.0024741935483870965
583 0.0024741935483870965
584 0.0024741935483870965
585 0.0024741935483870965
586 0.0024741935483870965
587 0.0024741935483870965
588 0.0024741935483870965
589 0.0024741935483870965
590 0.0024741935483870965
591 0.0024741935483870965
592 0.0024741935483870965
593 0.0024741935483870965
594 0.0024741935483870965
595 0.0024741935483870965
596 0.0024741935483870965
597 0.0024741935483870965
598 0.0024741935483870965
599 0.0024741935483870965
600 0.0024741935483870965
601 0.0024741935483870965
602 0.0024741935483870965
603 0.0024741935483870965
604 0.0024741935483870965
605 0.0024741935483870965
606 0.0024741935483870965
607 0.0024741935483870965
608 0.0024741935483870965
609 0.0024741935483870965
610 0.0016733333333333333
611 0.0016733333333333333
612 0.0016733333333333333
613 0.0016733333333333333
614 0.0016733333333333333
615 0.0016733333333333333
616 0.0016733333333333333
617 0.0016733333333333333
618 0.0016733333333333333
619 0.0016733333333333333
620 0.0016733333333333333
621 0.0016733333333333333
622 0.0016733333333333333
623 0.0016733333333333333
624 0.0016733333333333333
625 0.0016733333333333333
626 0.0016733333333333333
627 0.0016733333333333333
628 0.0016733333333333333
629 0.0016733333333333333
630 0.0016733333333333333
631 0.0016733333333333333
632 0.0016733333333333333
633 0.0016733333333333333
634 0.0016733333333333333
635 0.0016733333333333333
636 0.0016733333333333333
637 0.0016733333333333333
638 0.0016733333333333333
639 0.0016733333333333333
640 0.0010387096774193548
641 0.0010387096774193548
642 0.0010387096774193548
643 0.0010387096774193548
644 0.0010387096774193548
645 0.0010387096774193548
646 0.0010387096774193548
647 0.0010387096774193548
648 0.0010387096774193548
649 0.0010387096774193548
650 0.0010387096774193548
651 0.0010387096774193548
652 0.0010387096774193548
653 0.0010387096774193548
654 0.0010387096774193548
655 0.0010387096774193548
656 0.0010387096774193548
657 0.0010387096774193548
658 0.0010387096774193548
659 0.0010387096774193548
660 0.0010387096774193548
661 0.0010387096774193548
662 0.0010387096774193548
663 0.0010387096774193548
664 0.0010387096774193548
665 0.0010387096774193548
666 0.0010387096774193548
667 0.0010387096774193548
668 0.0010387096774193548
669 0.0010387096774193548
670 0.0010387096774193548
671 0.00055
672 0.00055
673 0.00055
674 0.00055
675 0.00055
676 0.00055
677 0.00055
678 0.00055
679 0.00055
680 0.00055
681 0.00055
682 0.00055
683 0.00055
684 0.00055
685 0.00055
686 0.00055
687 0.00055
688 0.00055
689 0.00055
690 0.00055
691 0.00055
692 0.00055
693 0.00055
694 0.00055
695 0.00055
696 0.00055
697 0.00055
698 0.00055
699 0.00055
700 0.00055
701 0.00037096774193548385
702 0.00037096774193548385
703 0.00037096774193548385
704 0.00037096774193548385
705 0.00037096774193548385
706 0.00037096774193548385
707 0.00037096774193548385
708 0.00037096774193548385
709 0.00037096774193548385
710 0.00037096774193548385
711 0.00037096774193548385
712 0.00037096774193548385
713 0.00037096774193548385
714 0.00037096774193548385
715 0.00037096774193548385
716 0.00037096774193548385
717 0.00037096774193548385
718 0.00037096774193548385
719 0.00037096774193548385
720 0.00037096774193548385
721 0.00037096774193548385
722 0.00037096774193548385
723 0.00037096774193548385
724 0.00037096774193548385
725 0.00037096774193548385
726 0.00037096774193548385
727 0.00037096774193548385
728 0.00037096774193548385
729 0.00037096774193548385
730 0.00037096774193548385
731 0.00037096774193548385
732 0.0004290322580645162
733 0.0004290322580645162
734 0.0004290322580645162
735 0.0004290322580645162
736 0.0004290322580645162
737 0.0004290322580645162
738 0.0004290322580645162
739 0.0004290322580645162
740 0.0004290322580645162
741 0.0004290322580645162
742 0.0004290322580645162
743 0.0004290322580645162
744 0.0004290322580645162
745 0.0004290322580645162
746 0.0004290322580645162
747 0.0004290322580645162
748 0.0004290322580645162
749 0.0004290322580645162
750 0.0004290322580645162
751 0.0004290322580645162
752 0.0004290322580645162
753 0.0004290322580645162
754 0.0004290322580645162
755 0.0004290322580645162
756 0.0004290322580645162
757 0.0004290322580645162
758 0.0004290322580645162
759 0.0004290322580645162
760 0.0004290322580645162
761 0.0004290322580645162
762 0.0004290322580645162
763 0.00010357142857142856
764 0.00010357142857142856
765 0.00010357142857142856
766 0.00010357142857142856
767 0.00010357142857142856
768 0.00010357142857142856
769 0.00010357142857142856
770 0.00010357142857142856
771 0.00010357142857142856
772 0.00010357142857142856
773 0.00010357142857142856
774 0.00010357142857142856
775 0.00010357142857142856
776 0.00010357142857142856
777 0.00010357142857142856
778 0.00010357142857142856
779 0.00010357142857142856
780 0.00010357142857142856
781 0.00010357142857142856
782 0.00010357142857142856
783 0.00010357142857142856
784 0.00010357142857142856
785 0.00010357142857142856
786 0.00010357142857142856
787 0.00010357142857142856
788 0.00010357142857142856
789 0.00010357142857142856
790 0.00010357142857142856
791 0.0001225806451612903
792 0.0001225806451612903
793 0.0001225806451612903
794 0.0001225806451612903
795 0.0001225806451612903
796 0.0001225806451612903
797 0.0001225806451612903
798 0.0001225806451612903
799 0.0001225806451612903
800 0.0001225806451612903
801 0.0001225806451612903
802 0.0001225806451612903
803 0.0001225806451612903
804 0.0001225806451612903
805 0.0001225806451612903
806 0.0001225806451612903
807 0.0001225806451612903
808 0.0001225806451612903
809 0.0001225806451612903
810 0.0001225806451612903
811 0.0001225806451612903
812 0.0001225806451612903
813 0.0001225806451612903
814 0.0001225806451612903
815 0.0001225806451612903
816 0.0001225806451612903
817 0.0001225806451612903
818 0.0001225806451612903
819 0.0001225806451612903
820 0.0001225806451612903
821 0.0001225806451612903
822 0.001013333333333333
823 0.001013333333333333
824 0.001013333333333333
825 0.001013333333333333
826 0.001013333333333333
827 0.001013333333333333
828 0.001013333333333333
829 0.001013333333333333
830 0.001013333333333333
831 0.001013333333333333
832 0.001013333333333333
833 0.001013333333333333
834 0.001013333333333333
835 0.001013333333333333
836 0.001013333333333333
837 0.001013333333333333
838 0.001013333333333333
839 0.001013333333333333
840 0.001013333333333333
841 0.001013333333333333
842 0.001013333333333333
843 0.001013333333333333
844 0.001013333333333333
845 0.001013333333333333
846 0.001013333333333333
847 0.001013333333333333
848 0.001013333333333333
849 0.001013333333333333
850 0.001013333333333333
851 0.001013333333333333
852 0.002032258064516129
853 0.002032258064516129
854 0.002032258064516129
855 0.002032258064516129
856 0.002032258064516129
857 0.002032258064516129
858 0.002032258064516129
859 0.002032258064516129
860 0.002032258064516129
861 0.002032258064516129
862 0.002032258064516129
863 0.002032258064516129
864 0.002032258064516129
865 0.002032258064516129
866 0.002032258064516129
867 0.002032258064516129
868 0.002032258064516129
869 0.002032258064516129
870 0.002032258064516129
871 0.002032258064516129
872 0.002032258064516129
873 0.002032258064516129
874 0.002032258064516129
875 0.002032258064516129
876 0.002032258064516129
877 0.002032258064516129
878 0.002032258064516129
879 0.002032258064516129
880 0.002032258064516129
881 0.002032258064516129
882 0.002032258064516129
883 0.0019366666666666668
884 0.0019366666666666668
885 0.0019366666666666668
886 0.0019366666666666668
887 0.0019366666666666668
888 0.0019366666666666668
889 0.0019366666666666668
890 0.0019366666666666668
891 0.0019366666666666668
892 0.0019366666666666668
893 0.0019366666666666668
894 0.0019366666666666668
895 0.0019366666666666668
896 0.0019366666666666668
897 0.0019366666666666668
898 0.0019366666666666668
899 0.0019366666666666668
900 0.0019366666666666668
901 0.0019366666666666668
902 0.0019366666666666668
903 0.0019366666666666668
904 0.0019366666666666668
905 0.0019366666666666668
906 0.0019366666666666668
907 0.0019366666666666668
908 0.0019366666666666668
909 0.0019366666666666668
910 0.0019366666666666668
911 0.0019366666666666668
912 0.0019366666666666668
913 0.0019064516129032258
914 0.0019064516129032258
915 0.0019064516129032258
916 0.0019064516129032258
917 0.0019064516129032258
918 0.0019064516129032258
919 0.0019064516129032258
920 0.0019064516129032258
921 0.0019064516129032258
922 0.0019064516129032258
923 0.0019064516129032258
924 0.0019064516129032258
925 0.0019064516129032258
926 0.0019064516129032258
927 0.0019064516129032258
928 0.0019064516129032258
929 0.0019064516129032258
930 0.0019064516129032258
931 0.0019064516129032258
932 0.0019064516129032258
933 0.0019064516129032258
934 0.0019064516129032258
935 0.0019064516129032258
936 0.0019064516129032258
937 0.0019064516129032258
938 0.0019064516129032258
939 0.0019064516129032258
940 0.0019064516129032258
941 0.0019064516129032258
942 0.0019064516129032258
943 0.0019064516129032258
944 0.0016193548387096774
945 0.0016193548387096774
946 0.0016193548387096774
947 0.0016193548387096774
948 0.0016193548387096774
949 0.0016193548387096774
950 0.0016193548387096774
951 0.0016193548387096774
952 0.0016193548387096774
953 0.0016193548387096774
954 0.0016193548387096774
955 0.0016193548387096774
956 0.0016193548387096774
957 0.0016193548387096774
958 0.0016193548387096774
959 0.0016193548387096774
960 0.0016193548387096774
961 0.0016193548387096774
962 0.0016193548387096774
963 0.0016193548387096774
964 0.0016193548387096774
965 0.0016193548387096774
966 0.0016193548387096774
967 0.0016193548387096774
968 0.0016193548387096774
969 0.0016193548387096774
970 0.0016193548387096774
971 0.0016193548387096774
972 0.0016193548387096774
973 0.0016193548387096774
974 0.0016193548387096774
975 0.0014533333333333334
976 0.0014533333333333334
977 0.0014533333333333334
978 0.0014533333333333334
979 0.0014533333333333334
980 0.0014533333333333334
981 0.0014533333333333334
982 0.0014533333333333334
983 0.0014533333333333334
984 0.0014533333333333334
985 0.0014533333333333334
986 0.0014533333333333334
987 0.0014533333333333334
988 0.0014533333333333334
989 0.0014533333333333334
990 0.0014533333333333334
991 0.0014533333333333334
992 0.0014533333333333334
993 0.0014533333333333334
994 0.0014533333333333334
995 0.0014533333333333334
996 0.0014533333333333334
997 0.0014533333333333334
998 0.0014533333333333334
999 0.0014533333333333334
1000 0.0014533333333333334
1001 0.0014533333333333334
1002 0.0014533333333333334
1003 0.0014533333333333334
1004 0.0014533333333333334
1005 0.0008225806451612903
1006 0.0008225806451612903
1007 0.0008225806451612903
1008 0.0008225806451612903
1009 0.0008225806451612903
1010 0.0008225806451612903
1011 0.0008225806451612903
1012 0.0008225806451612903
1013 0.0008225806451612903
1014 0.0008225806451612903
1015 0.0008225806451612903
1016 0.0008225806451612903
1017 0.0008225806451612903
1018 0.0008225806451612903
1019 0.0008225806451612903
1020 0.0008225806451612903
1021 0.0008225806451612903
1022 0.0008225806451612903
1023 0.0008225806451612903
1024 0.0008225806451612903
1025 0.0008225806451612903
1026 0.0008225806451612903
1027 0.0008225806451612903
1028 0.0008225806451612903
1029 0.0008225806451612903
1030 0.0008225806451612903
1031 0.0008225806451612903
1032 0.0008225806451612903
1033 0.0008225806451612903
1034 0.0008225806451612903
1035 0.0008225806451612903
1036 0.00058
1037 0.00058
1038 0.00058
1039 0.00058
1040 0.00058
1041 0.00058
1042 0.00058
1043 0.00058
1044 0.00058
1045 0.00058
1046 0.00058
1047 0.00058
1048 0.00058
1049 0.00058
1050 0.00058
1051 0.00058
1052 0.00058
1053 0.00058
1054 0.00058
1055 0.00058
1056 0.00058
1057 0.00058
1058 0.00058
1059 0.00058
1060 0.00058
1061 0.00058
1062 0.00058
1063 0.00058
1064 0.00058
1065 0.00058
1066 0.0003290322580645161
1067 0.0003290322580645161
1068 0.0003290322580645161
1069 0.0003290322580645161
1070 0.0003290322580645161
1071 0.0003290322580645161
1072 0.0003290322580645161
1073 0.0003290322580645161
1074 0.0003290322580645161
1075 0.0003290322580645161
1076 0.0003290322580645161
1077 0.0003290322580645161
1078 0.0003290322580645161
1079 0.0003290322580645161
1080 0.0003290322580645161
1081 0.0003290322580645161
1082 0.0003290322580645161
1083 0.0003290322580645161
1084 0.0003290322580645161
1085 0.0003290322580645161
1086 0.0003290322580645161
1087 0.0003290322580645161
1088 0.0003290322580645161
1089 0.0003290322580645161
1090 0.0003290322580645161
1091 0.0003290322580645161
1092 0.0003290322580645161
1093 0.0003290322580645161
1094 0.0003290322580645161
1095 0.0003290322580645161
1096 0.0003290322580645161
1097 0.0002032258064516129
1098 0.0002032258064516129
1099 0.0002032258064516129
1100 0.0002032258064516129
1101 0.0002032258064516129
1102 0.0002032258064516129
1103 0.0002032258064516129
1104 0.0002032258064516129
1105 0.0002032258064516129
1106 0.0002032258064516129
1107 0.0002032258064516129
1108 0.0002032258064516129
1109 0.0002032258064516129
1110 0.0002032258064516129
1111 0.0002032258064516129
1112 0.0002032258064516129
1113 0.0002032258064516129
1114 0.0002032258064516129
1115 0.0002032258064516129
1116 0.0002032258064516129
1117 0.0002032258064516129
1118 0.0002032258064516129
1119 0.0002032258064516129
1120 0.0002032258064516129
1121 0.0002032258064516129
1122 0.0002032258064516129
1123 0.0002032258064516129
1124 0.0002032258064516129
1125 0.0002032258064516129
1126 0.0002032258064516129
1127 0.0002032258064516129
1128 0.0003928571428571429
1129 0.0003928571428571429
1130 0.0003928571428571429
1131 0.0003928571428571429
1132 0.0003928571428571429
1133 0.0003928571428571429
1134 0.0003928571428571429
1135 0.0003928571428571429
1136 0.0003928571428571429
1137 0.0003928571428571429
1138 0.0003928571428571429
1139 0.0003928571428571429
1140 0.0003928571428571429
1141 0.0003928571428571429
1142 0.0003928571428571429
1143 0.0003928571428571429
1144 0.0003928571428571429
1145 0.0003928571428571429
1146 0.0003928571428571429
1147 0.0003928571428571429
1148 0.0003928571428571429
1149 0.0003928571428571429
1150 0.0003928571428571429
1151 0.0003928571428571429
1152 0.0003928571428571429
1153 0.0003928571428571429
1154 0.0003928571428571429
1155 0.0003928571428571429
1156 0.0006258064516129031
1157 0.0006258064516129031
1158 0.0006258064516129031
1159 0.0006258064516129031
1160 0.0006258064516129031
1161 0.0006258064516129031
1162 0.0006258064516129031
1163 0.0006258064516129031
1164 0.0006258064516129031
1165 0.0006258064516129031
1166 0.0006258064516129031
1167 0.0006258064516129031
1168 0.0006258064516129031
1169 0.0006258064516129031
1170 0.0006258064516129031
1171 0.0006258064516129031
1172 0.0006258064516129031
1173 0.0006258064516129031
1174 0.0006258064516129031
1175 0.0006258064516129031
1176 0.0006258064516129031
1177 0.0006258064516129031
1178 0.0006258064516129031
1179 0.0006258064516129031
1180 0.0006258064516129031
1181 0.0006258064516129031
1182 0.0006258064516129031
1183 0.0006258064516129031
1184 0.0006258064516129031
1185 0.0006258064516129031
1186 0.0006258064516129031
1187 0.00094
1188 0.00094
1189 0.00094
1190 0.00094
1191 0.00094
1192 0.00094
1193 0.00094
1194 0.00094
1195 0.00094
1196 0.00094
1197 0.00094
1198 0.00094
1199 0.00094
1200 0.00094
1201 0.00094
1202 0.00094
1203 0.00094
1204 0.00094
1205 0.00094
1206 0.00094
1207 0.00094
1208 0.00094
1209 0.00094
1210 0.00094
1211 0.00094
1212 0.00094
1213 0.00094
1214 0.00094
1215 0.00094
1216 0.00094
1217 0.0019322580645161288
1218 0.0019322580645161288
1219 0.0019322580645161288
1220 0.0019322580645161288
1221 0.0019322580645161288
1222 0.0019322580645161288
1223 0.0019322580645161288
1224 0.0019322580645161288
1225 0.0019322580645161288
1226 0.0019322580645161288
1227 0.0019322580645161288
1228 0.0019322580645161288
1229 0.0019322580645161288
1230 0.0019322580645161288
1231 0.0019322580645161288
1232 0.0019322580645161288
1233 0.0019322580645161288
1234 0.0019322580645161288
1235 0.0019322580645161288
1236 0.0019322580645161288
1237 0.0019322580645161288
1238 0.0019322580645161288
1239 0.0019322580645161288
1240 0.0019322580645161288
1241 0.0019322580645161288
1242 0.0019322580645161288
1243 0.0019322580645161288
1244 0.0019322580645161288
1245 0.0019322580645161288
1246 0.0019322580645161288
1247 0.0019322580645161288
1248 0.0025499999999999997
1249 0.0025499999999999997
1250 0.0025499999999999997
1251 0.0025499999999999997
1252 0.0025499999999999997
1253 0.0025499999999999997
1254 0.0025499999999999997
1255 0.0025499999999999997
1256 0.0025499999999999997
1257 0.0025499999999999997
1258 0.0025499999999999997
1259 0.0025499999999999997
1260 0.0025499999999999997
1261 0.0025499999999999997
1262 0.0025499999999999997
1263 0.0025499999999999997
1264 0.0025499999999999997
1265 0.0025499999999999997
1266 0.0025499999999999997
1267 0.0025499999999999997
1268 0.0025499999999999997
1269 0.0025499999999999997
1270 0.0025499999999999997
1271 0.0025499999999999997
1272 0.0025499999999999997
1273 0.0025499999999999997
1274 0.0025499999999999997
1275 0.0025499999999999997
1276 0.0025499999999999997
1277 0.0025499999999999997
1278 0.002512903225806452
1279 0.002512903225806452
1280 0.002512903225806452
1281 0.002512903225806452
1282 0.002512903225806452
1283 0.002512903225806452
1284 0.002512903225806452
1285 0.002512903225806452
1286 0.002512903225806452
1287 0.002512903225806452
1288 0.002512903225806452
1289 0.002512903225806452
1290 0.002512903225806452
1291 0.002512903225806452
1292 0.002512903225806452
1293 0.002512903225806452
1294 0.002512903225806452
1295 0.002512903225806452
1296 0.002512903225806452
1297 0.002512903225806452
1298 0.002512903225806452
1299 0.002512903225806452
1300 0.002512903225806452
1301 0.002512903225806452
1302 0.002512903225806452
1303 0.002512903225806452
1304 0.002512903225806452
1305 0.002512903225806452
1306 0.002512903225806452
1307 0.002512903225806452
1308 0.002512903225806452
1309 0.0025806451612903226
1310 0.0025806451612903226
1311 0.0025806451612903226
1312 0.0025806451612903226
1313 0.0025806451612903226
1314 0.0025806451612903226
1315 0.0025806451612903226
1316 0.0025806451612903226
1317 0.0025806451612903226
1318 0.0025806451612903226
1319 0.0025806451612903226
1320 0.0025806451612903226
1321 0.0025806451612903226
1322 0.0025806451612903226
1323 0.0025806451612903226
1324 0.0025806451612903226
1325 0.0025806451612903226
1326 0.0025806451612903226
1327 0.0025806451612903226
1328 0.0025806451612903226
1329 0.0025806451612903226
1330 0.0025806451612903226
1331 0.0025806451612903226
1332 0.0025806451612903226
1333 0.0025806451612903226
1334 0.0025806451612903226
1335 0.0025806451612903226
1336 0.0025806451612903226
1337 0.0025806451612903226
1338 0.0025806451612903226
1339 0.0025806451612903226
1340 0.0017933333333333332
1341 0.0017933333333333332
1342 0.0017933333333333332
1343 0.0017933333333333332
1344 0.0017933333333333332
1345 0.0017933333333333332
1346 0.0017933333333333332
1347 0.0017933333333333332
1348 0.0017933333333333332
1349 0.0017933333333333332
1350 0.0017933333333333332
1351 0.0017933333333333332
1352 0.0017933333333333332
1353 0.0017933333333333332
1354 0.0017933333333333332
1355 0.0017933333333333332
1356 0.0017933333333333332
1357 0.0017933333333333332
1358 0.0017933333333333332
1359 0.0017933333333333332
1360 0.0017933333333333332
1361 0.0017933333333333332
1362 0.0017933333333333332
1363 0.0017933333333333332
1364 0.0017933333333333332
1365 0.0017933333333333332
1366 0.0017933333333333332
1367 0.0017933333333333332
1368 0.0017933333333333332
1369 0.0017933333333333332
1370 0.0009225806451612904
1371 0.0009225806451612904
1372 0.0009225806451612904
1373 0.0009225806451612904
1374 0.0009225806451612904
1375 0.0009225806451612904
1376 0.0009225806451612904
1377 0.0009225806451612904
1378 0.0009225806451612904
1379 0.0009225806451612904
1380 0.0009225806451612904
1381 0.0009225806451612904
1382 0.0009225806451612904
1383 0.0009225806451612904
1384 0.0009225806451612904
1385 0.0009225806451612904
1386 0.0009225806451612904
1387 0.0009225806451612904
1388 0.0009225806451612904
1389 0.0009225806451612904
1390 0.0009225806451612904
1391 0.0009225806451612904
1392 0.0009225806451612904
1393 0.0009225806451612904
1394 0.0009225806451612904
1395 0.0009225806451612904
1396 0.0009225806451612904
1397 0.0009225806451612904
1398 0.0009225806451612904
1399 0.0009225806451612904
1400 0.0009225806451612904
1401 0.0006166666666666667
1402 0.0006166666666666667
1403 0.0006166666666666667
1404 0.0006166666666666667
1405 0.0006166666666666667
1406 0.0006166666666666667
1407 0.0006166666666666667
1408 0.0006166666666666667
1409 0.0006166666666666667
1410 0.0006166666666666667
1411 0.0006166666666666667
1412 0.0006166666666666667
1413 0.0006166666666666667
1414 0.0006166666666666667
1415 0.0006166666666666667
1416 0.0006166666666666667
1417 0.0006166666666666667
1418 0.0006166666666666667
1419 0.0006166666666666667
1420 0.0006166666666666667
1421 0.0006166666666666667
1422 0.0006166666666666667
1423 0.0006166666666666667
1424 0.0006166666666666667
1425 0.0006166666666666667
1426 0.0006166666666666667
1427 0.0006166666666666667
1428 0.0006166666666666667
1429 0.0006166666666666667
1430 0.0006166666666666667
1431 0.0005290322580645161
1432 0.0005290322580645161
1433 0.0005290322580645161
1434 0.0005290322580645161
1435 0.0005290322580645161
1436 0.0005290322580645161
1437 0.0005290322580645161
1438 0.0005290322580645161
1439 0.0005290322580645161
1440 0.0005290322580645161
1441 0.0005290322580645161
1442 0.0005290322580645161
1443 0.0005290322580645161
1444 0.0005290322580645161
1445 0.0005290322580645161
1446 0.0005290322580645161
1447 0.0005290322580645161
1448 0.0005290322580645161
1449 0.0005290322580645161
1450 0.0005290322580645161
1451 0.0005290322580645161
1452 0.0005290322580645161
1453 0.0005290322580645161
1454 0.0005290322580645161
1455 0.0005290322580645161
1456 0.0005290322580645161
1457 0.0005290322580645161
1458 0.0005290322580645161
1459 0.0005290322580645161
1460 0.0005290322580645161
1461 0.0005290322580645161
1462 0.000529
