     120.36250305     120.65059662     120.91280365     120.57160187     120.87719727     120.87719727     121.18240356     121.98739624     122.22840118     122.49030304     122.66600037     122.83390045     122.99669647     123.10119629     123.18070221     123.21700287     123.26069641     123.20369720     123.09480286     123.02909851
     122.96730042     119.82360077     120.09010315     120.36460114     120.69670105     120.44069672     120.76779938     120.76779938     120.76779938     120.76779938     121.09169769     121.09169769     121.09169769     121.09169769     121.85410309     122.15010071     122.36660004     122.57389832     122.73000336     122.85240173
     122.94069672     122.99420166     123.01450348     122.99949646     122.92070007     122.83020020     122.72920227     122.67070007     122.61460114     119.26049805     119.51309967     119.79049683     120.09459686     120.41470337     120.29080200     120.64009857     120.98339844     120.98339844     120.98339844     120.98339844
     121.74839783     121.74839783     121.74839783     121.74839783     122.03479767     122.03479767     122.03479767     122.03479767     122.25330353     122.43209839     122.58239746     122.69349670     122.76609802     122.80120087     122.80169678     122.74069977     122.64469910     122.56259918     122.45790100     122.37449646
     122.32389832     122.28489685     118.66139984     118.91500092     119.16760254     119.47149658     119.80439758     120.15180206     120.08190155     120.49310303     120.85649872     121.59980011     121.86660004     121.86660004     121.86660004     121.86660004     122.09380341     122.09380341     122.09380341     122.09380341
     122.27719879     122.42240143     122.52320099     122.58190155     122.60140228     122.55460358     122.50810242     122.38420105     122.28800201     122.19709778     122.09480286     122.04419708     122.01529694     121.99839783     118.06220245     118.29360199     118.52639771     118.80599976     119.14080048     119.49990082
     119.87259674     119.88970184     120.35870361     120.77179718     121.39900208     121.68270111     121.92060089     121.92060089     121.92060089     121.92060089     122.10939789     122.10939789     122.10939789     122.10939789     122.25060272     122.34269714     122.39040375     122.38289642     122.34169769     122.28430176
     122.14040375     122.10130310     121.99990082     121.90920258     121.85659790     121.83409882     121.88890076     121.91889954     117.51360321     117.69120026     117.87470245     118.12370300     118.44619751     118.80460358     119.18609619     119.58010101     119.74140167     120.14589691     120.54010010     121.17759705
     121.48059845     121.73179626     121.90809631     121.90809631     121.90809631     121.90809631     122.05229950     122.05229950     122.05229950     122.05229950     122.15049744     122.17829895     122.17769623     122.13449860     122.07109833     121.91729736     121.87519836     121.77780151     121.66979980     121.60769653
     121.62010193     121.64550018     121.70670319     121.74140167     116.40309906     116.52439880     116.68659973     116.92819977     117.21990204     117.55719757     117.93000031     118.33070374     118.75250244     119.07890320     119.52749634     119.99230194     120.57279968     120.99150085     121.30889893     121.55120087
     121.69509888     121.69509888     121.69509888     121.69509888     121.77790070     121.77790070     121.77790070     121.77790070     121.82109833     121.83090210     121.80809784     121.76509857     121.70159912     121.60160065     121.54250336     121.43499756     121.42040253     121.42130280     121.42600250     121.47959900
     121.50559998     121.52570343     116.17780304     116.20929718     116.27469635     116.44200134     116.69139862     116.99169922     117.33419800     117.70970154     118.13520050     118.61239624     118.87059784     119.32260132     119.77870178     120.35079956     120.75019836     121.13760376     121.36060333     121.48239899
     121.56390381     121.56390381     121.56390381     121.56390381     121.61450195     121.61450195     121.61450195     121.61450195     121.63179779     121.62100220     121.59320068     121.54930115     121.45570374     121.41349792     121.36229706     121.32969666     121.32080078     121.32440186     121.37920380     121.41200256
     121.44020081     121.39050293     116.15480042     116.07260132     115.99530029     116.06739807     116.24310303     116.49060059     116.78749847     117.12419891     117.50150299     117.94239807     118.35160065     118.64420319     119.08670044     119.53440094     120.09369659     120.48179626     120.82019806     121.07379913
     121.21549988     121.31430054     121.38099670     121.38099670     121.38099670     121.38099670     121.42440033     121.42440033     121.42440033     121.42440033     121.43759918     121.43759918     121.43759918     121.43759918     121.43640137     121.43640137     121.43640137     121.43640137     121.42189789     121.36070251
     121.35169983     121.33599854     121.33219910     121.34239960     121.36250305     121.42430115     121.46140289     121.49620056     121.46379852     121.57389832     121.66729736     121.82250214     121.92340088     122.13950348     122.41790009     122.74430084     123.11129761     123.49900055     123.94450378     124.52300262
     125.08110046     125.71019745     126.36019897     127.03810120     127.72170258     128.38890076     128.87330627     129.37069702     129.76330566     130.09750366     130.37420654     130.62139893     130.84739685     131.06660461     131.26319885     131.55400085     131.80819702     132.20869446     132.68809509     133.01029968
     133.46229553     133.90809631     134.57099915     134.77769470     134.87530518     115.87740326     115.78939819     115.74669647     115.93250275     115.93250275     115.93250275     115.93250275     116.10769653     116.25890350     116.54180145     116.93319702     117.32080078     117.69840240     118.08329773     118.36920166
     118.79380035     119.22499847     119.61910248     120.06040192     120.39459991     120.66639709     120.88790131     121.02200317     121.12370300     121.20829773     121.25289917     121.29090118     121.29090118     121.29090118     121.29090118     121.31639862     121.31639862     121.31639862     121.31639862     121.29620361
     121.29620361     121.29620361     121.29620361     121.32479858     121.34580231     121.37319946     121.40769958     121.45860291     121.50350189     121.58249664     121.63059998     121.56269836     121.72509766     121.82689667     122.00810242     122.07969666     122.28559875     122.52770233     122.80560303     123.16470337
     123.57260132     124.08260345     124.55159760     125.19760132     125.81849670     126.48079681     127.15570068     127.85649872     128.53230286     129.04730225     129.54190063     129.92149353     130.22549438     130.47090149     130.71369934     130.92370605     131.11120605     131.29769897     131.61959839     131.83779907
     132.22819519     132.71490479     133.25549316     133.43159485     133.87750244     134.61189270     134.80720520     134.91099548     135.20930481     115.93849945     115.83110046     115.74669647     115.81939697     115.95210266     116.17220306     116.41840363     116.71369934     117.11000061     117.44020081     117.79109955
     118.02069855     118.46569824     118.87220001     119.22309875     119.60299683     119.98680115     120.26090240     120.48419952     120.70349884     120.85109711     120.97370148     121.07489777     121.15660095     121.22760010     121.25569916     121.25569916     121.25569916     121.25569916     121.32749939     121.38670349
     121.44730377     121.52249908     121.58769989     121.65329742     121.76049805     121.81330109     121.74289703     121.86460114     122.02050018     122.23249817     122.24210358     122.41999817     122.65519714     122.87760162     123.22319794     123.65720367     124.12860107     124.59279633     125.21970367     125.89060211
     126.56210327     127.24279785     127.95310211     128.63940430     129.19270325     129.69450378     130.08450317     130.32249451     130.53419495     130.77450562     130.95159912     131.13250732     131.30870056     131.66589355     131.85699463     132.24169922     132.73770142     133.28039551     133.39599609     133.86579895
     134.55349731     134.82420349     134.88740540     135.26780701     135.83230591     115.96289825     115.86799622     115.82649994     115.91049957     115.93879700     116.11940002     116.32759857     116.60690308     116.87280273     117.18949890     117.49579620     117.68609619     118.04419708     118.48860168     118.79209900
     119.16079712     119.51039886     119.83910370     120.10050201     120.33219910     120.57150269     120.74819946     120.90360260     121.04129791     121.15989685     121.23880005     121.23880005     121.23880005     121.23880005     121.36250305     121.36250305     121.36250305     121.36250305     121.45570374     121.56670380
     121.65789795     121.74829865     121.83969879     121.96829987     122.04499817     121.93049622     122.06459808     122.23090363     122.44270325     122.41230011     122.55200195     122.75489807     122.98870087     123.29660034     123.68589783     124.14450073     124.59899902     125.23320007     125.86280060     126.58599854
     127.27010345     127.98660278     128.68179321     129.27450562     129.79080200     130.19970703     130.35639954     130.54919434     130.76049805     130.93159485     131.11419678     131.29660034     131.61000061     131.85870361     132.36120605     132.91059875     133.30059814     133.35710144     133.96510315     134.58909607
     134.82040405     134.88569641     135.54679871     135.89239502     136.15109253     116.02410126     115.93109894     115.88339996     115.95179749     115.98690033     116.07810211     116.21659851     116.47190094     116.68360138     116.92520142     117.20939636     117.35030365     117.66459656     117.99549866     118.34690094
     118.69059753     119.03009796     119.41179657     119.71209717     119.99349976     120.25499725     120.52829742     120.74079895     120.93730164     121.11589813     121.24939728     121.41590118     121.41590118     121.41590118     121.41590118     121.56539917     121.56539917     121.56539917     121.56539917     121.69550323
     121.81719971     121.93160248     122.06819916     122.22219849     122.36910248     122.15360260     122.30619812     122.33930206     122.48320007     122.55909729     122.66179657     122.85320282     123.08750153     123.38780212     123.70989990     124.10970306     124.63929749     125.21579742     125.84590149     126.51809692
     127.25990295     127.97329712     128.66310120     129.29319763     129.77049255     130.19679260     130.40269470     130.46180725     130.64999390     130.82710266     130.98379517     131.44749451     131.81520081     131.93750000     132.55079651     133.02040100     133.34309387     133.35240173     133.92480469     134.60549927
     134.83079529     135.15919495     135.51910400     135.86579895     136.17469788     136.39520264     116.10420227     116.00980377     115.95249939     116.01540375     116.01519775     116.06159973     116.14880371     116.32749939     116.50530243     116.69920349     116.91010284     117.00360107     117.26629639     117.56800079
     117.89459991     118.23159790     118.58139801     118.98860168     119.32969666     119.66220093     119.98190308     120.28549957     120.59580231     120.85469818     121.09269714     121.27980042     121.51159668     121.68280029     121.68280029     121.68280029     121.68280029     121.84220123     121.84220123     121.84220123
     121.84220123     121.98870087     122.12920380     122.29219818     122.45580292     122.61799622     122.39260101     122.54579926     122.52899933     122.66159821     122.68669891     122.77950287     122.90750122     123.09130096     123.26239777     123.63059998     124.03620148     124.54850006     125.10990143     125.72740173
     126.36550140     127.06050110     127.82599640     128.50419617     129.11920166     129.60159302     130.06509399     130.28979492     130.26649475     130.46969604     130.60409546     130.84930420     131.36979675     131.77099609     131.80130005     132.39819336     133.02389526     133.33479309     133.31210327     133.89320374
     134.57789612     134.70590210     135.05880737     135.43569946     135.81970215     136.17469788     136.29859924     136.67149353     116.19640350     116.09860229     116.02980042     116.08679962     116.05460358     116.05850220     116.16729736     116.22630310     116.32289886     116.47389984     116.62370300     116.66760254
     116.87850189     117.14540100     117.44930267     117.78250122     118.14579773     118.57790375     118.96119690     119.34580231     119.72429657     120.09059906     120.43540192     120.79060364     121.08920288     121.35299683     121.63200378     121.84929657     122.02210236     122.02210236     122.02210236     122.02210236
     122.18520355     122.18520355     122.18520355     122.18520355     122.34269714     122.51599884     122.68579865     122.86150360     122.64469910     122.82569885     122.71260071     122.77210236     122.79519653     122.82990265     122.84490204     122.94819641     123.18900299     123.52110291     123.93329620     124.39550018
     124.93479919     125.53209686     126.15160370     126.82489777     127.50340271     128.23030090     128.82989502     129.34550476     129.79980469     130.02000427     129.97129822     130.19700623     130.36480713     130.65010071     131.22839355     131.64079285     132.13490295     132.36289978     132.78359985     133.29179382
     133.99989319     134.24189758     134.48089600     134.56489563     134.90109253     135.29020691     135.72120667     136.13240051     136.44079590     136.74530029     137.04750061     116.29640198     116.19409943     116.11350250     116.16699982     116.10440063     116.06900024     116.14070129     116.14409637     116.17299652
     116.24960327     116.34380341     116.32859802     116.52549744     116.73789978     117.02700043     117.37339783     117.74629974     118.18900299     118.61560059     119.05180359     119.48770142     119.91529846     120.32279968     120.71459961     121.12940216     121.42430115     121.75129700     121.99900055     122.19680023
     122.36940002     122.36940002     122.36940002     122.36940002     122.53410339     122.53410339     122.53410339     122.53410339     122.72679901     122.89910126     123.11530304     122.90280151     122.99870300     122.83460236     122.84590149     122.67279816     122.57389832     122.68009949     122.84729767     123.06099701
     123.35659790     123.74269867     124.20590210     124.70149994     125.27089691     125.87409973     126.42040253     127.06580353     127.70919800     128.37109375     128.98620605     129.35639954     129.57809448     129.63160706     129.83070374     130.06309509     130.42439270     131.23159790     131.64639282     132.05880737
     132.34910583     132.84320068     133.25660706     134.01220703     134.32389832     134.27720642     134.36349487     134.69129944     135.08959961     135.55940247     136.07409668     136.42770386     136.72830200     137.05340576     116.40170288     116.29479980     116.23249817     116.25530243     116.16570282     116.09529877
     116.13420105     116.08640289     116.05889893     116.06990051     116.08509827     116.01889801     116.16609955     116.38020325     116.66529846     116.97540283     117.39189911     117.86499786     118.34190369     118.78829956     119.27749634     119.76180267     120.22820282     120.70320129     121.12889862     121.49939728
     121.86669922     122.13790131     122.35859680     122.54419708     122.70230103     122.70230103     122.70230103     122.70230103     122.91089630     122.91089630     122.91089630     122.91089630     123.09020233     123.29149628     123.18360138     123.04750061     123.00689697     122.91020203     122.52729797     122.55259705
     122.63009644     122.74759674     122.90779877     123.15579987     123.51100159     123.93789673     124.42130280     124.93699646     125.52749634     126.13880157     126.63899994     127.23059845     127.75330353     128.39410400     128.78399658     129.08509827     129.21519470     129.47599792     129.82139587     130.41819763
     130.96769714     131.39860535     131.80090332     132.21640015     132.56790161     132.99040222     133.86560059     134.15640259     134.04460144     134.10560608     134.42340088     134.82000732     135.35530090     135.86079407     136.30799866     136.30799866     136.30799866     136.30799866     136.60079956     136.94900513
     116.40019989     116.33129883     116.35289764     116.24060059     116.14060211     116.15260315     116.06009674     115.97350311     115.93170166     115.90000153     115.75219727     115.88300323     116.03520203     116.28549957     116.63780212     117.07140350     117.54119873     118.05210114     118.61579895     119.14880371
     119.67880249     120.22720337     120.73120117     121.20749664     121.56700134     121.99610138     122.29299927     122.53179932     122.73670197     122.92800140     123.09420013     123.09420013     123.09420013     123.09420013     123.24909973     123.40270233     123.40270233     123.40270233     123.40270233     123.32379913
     123.11289978     122.96540070     122.86499786     122.73269653     122.64980316     122.61090088     122.66960144     122.77459717     122.96109772     123.22029877     123.60050201     124.04350281     124.55619812     125.10900116     125.68810272     126.14779663     126.67769623     127.15160370     127.69100189     128.11959839
     128.46789551     128.69009399     129.11459351     129.41349792     130.06359863     130.56680298     131.16180420     131.59109497     132.01060486     132.46830750     133.03680420     133.52330017     133.75650024     133.70280457     133.74259949     134.03359985     134.47940063     134.96150208     135.49630737     135.99690247
     136.41329956     136.75610352     116.43740082     116.46140289     116.33170319     116.20860291     116.20079803     116.06580353     115.94539642     115.86039734     115.79499817     115.57019806     115.61509705     115.74109650     115.97579956     116.34629822     116.81289673     117.32910156     117.87129974     118.43800354
     119.00399780     119.60220337     120.15650177     120.70149994     121.22319794     121.62069702     122.11260223     122.48970032     122.76190186     122.97290039     123.15840149     123.24520111     123.24520111     123.24520111     123.24520111     123.32920074     123.49700165     123.49700165     123.49700165     123.49700165
     123.49680328     123.20649719     123.00550079     122.80470276     122.64140320     122.56030273     122.45169830     122.44809723     122.55329895     122.69219971     122.87210083     123.21479797     123.64450073     124.07749939     124.61100006     125.02770233     125.59510040     126.14890289     126.57929993     127.06030273
     127.37650299     127.78639984     128.18510437     128.60490417     129.08050537     129.58389282     130.14900208     130.75489807     131.20440674     131.71749878     132.13510132     132.35789490     132.85949707     133.03410339     133.03410339     133.03410339     133.03410339     133.13519287     133.23379517     133.51109314
     133.92179871     134.44079590     135.01229858     135.57189941     136.06700134     136.47500610     116.58200073     116.44069672     116.30190277     116.27909851     116.12380219     115.97480011     115.86000061     115.74980164     115.48490143     115.49179840     115.53690338     115.75740051     116.16139984     116.65899658
     117.18080139     117.73600006     118.30680084     118.91999817     119.50070190     120.06279755     120.63659668     121.21019745     121.66590118     122.19660187     122.55670166     122.80599976     122.98889923     123.14720154     123.27220154     123.27220154     123.27220154     123.27220154     123.30239868     123.30239868
     123.30239868     123.30239868     123.49990082     123.61720276     123.61720276     123.61720276     123.61720276     123.43689728     123.43689728     123.43689728     123.43689728     123.10820007     122.82980347     122.55470276     122.39099884     122.20359802     122.06909943     122.11440277     122.23449707     122.48560333
     122.75820160     123.11389923     123.47850037     123.99990082     124.50910187     125.03289795     125.54119873     126.01860046     126.51799774     126.71410370     127.02059937     127.51390076     128.00819397     128.49909973     129.01019287     129.64140320     130.30059814     130.61160278     131.16040039     131.16040039
     131.16040039     131.16040039     131.46940613     131.74710083     132.01480103     132.05529785     132.25570679     132.25570679     132.25570679     132.25570679     132.32269287     132.74809265     133.14270020     133.73640442     134.40020752     134.98620605     135.62030029     136.22259521     116.42109680     116.56919861
     116.39929962     116.23040009     116.06639862     115.91190338     115.81120300     115.49629974     115.47879791     115.54720306     115.73100281     115.73100281     115.73100281     115.73100281     116.14730072     116.63870239     117.14689636     117.68930054     118.34770203     118.91249847     119.29029846     119.93910217
     120.51300049     121.07099915     121.63569641     122.10980225     122.47840118     122.69429779     122.88680267     123.07170105     123.31259918     123.53510284     123.53510284     123.53510284     123.53510284     123.75610352     123.83950043     123.83950043     123.83950043     123.83950043     123.80090332     123.55290222
     123.55290222     123.55290222     123.55290222     123.20169830     122.80729675     122.48239899     122.27590179     122.09649658     121.90329742     121.93209839     122.05410004     122.44139862     122.82990265     123.29840088     123.81330109     124.33339691     124.82939911     125.27950287     125.76270294     125.87339783
     125.87339783     125.87339783     125.87339783     125.94429779     125.94429779     125.94429779     125.94429779     126.09989929     126.49199677     127.11650085     127.62899780     128.22369385     128.90010071     129.46569824     129.91360474     130.07850647     130.43339539     130.77999878     130.77999878     130.77999878
     130.77999878     130.80520630     130.70880127     130.70880127     130.70880127     130.70880127     130.76119995     131.07460022     131.49479675     132.25270081     132.99130249     133.77040100     134.57850647     135.32330322     135.99540710     116.72750092     116.55509949     115.87670135     115.77519989     115.68849945
     115.68129730     115.63490295     115.63790131     115.72959900     115.98799896     116.30310059     116.74120331     117.23780060     117.78289795     118.29740143     118.82070160     119.31179810     119.86560059     120.40709686     120.97229767     121.46060181     121.93450165     122.38410187     122.66950226     122.91829681
     123.10440063     123.31990051     123.65470123     123.65470123     123.65470123     123.65470123     123.95490265     124.03900146     124.03900146     124.03900146     124.03900146     124.19969940     124.05390167     123.68820190     123.18389893     122.69419861     122.24539948     121.93840027     121.57929993     121.57959747
     121.68869781     122.12719727     122.46369934     123.17849731     123.72440338     123.95259857     124.42469788     124.81199646     125.15350342     125.22380066     125.19830322     125.25749969     125.70279694     126.19380188     126.89430237     127.52670288     128.08659363     128.60620117     128.91949463     128.91949463
     128.91949463     128.91949463     128.97219849     129.13819885     129.21530151     129.21530151     129.21530151     129.21530151     129.36279297     129.36279297     129.36279297     129.36279297     129.56489563     129.75320435     130.01280212     130.01280212     130.01280212     130.01280212     130.52250671     131.33729553
     132.26950073     133.15220642     134.23060608     135.03999329     135.79350281     116.10260010     116.02149963     115.93399811     115.87409973     115.88189697     115.89839935     115.91649628     116.01409912     116.23090363     116.58429718     116.95169830     117.45749664     117.90670013     118.37139893     118.80639648
     119.30229950     119.78810120     120.31909943     120.80660248     121.26249695     121.72989655     122.07170105     122.35859680     122.74430084     123.01499939     123.33139801     123.33139801     123.33139801     123.33139801     123.73690033     123.73690033     123.73690033     123.73690033     124.13659668     124.37640381
     124.70649719     124.59049988     124.59049988     124.59049988     124.59049988     124.09369659     123.47850037     122.85420227     122.27890015     121.87940216     121.47219849     121.40560150     121.40560150     121.40560150     121.40560150     121.41380310     121.41380310     121.41380310     121.41380310     121.87969971
     122.25250244     122.91799927     123.44850159     124.07990265     124.50890350     124.78029633     124.89610291     124.70729828     124.61229706     124.49859619     124.73329926     125.34960175     126.23500061     127.02169800     127.57279968     128.07640076     128.35290527     128.35290527     128.35290527     128.35290527
     128.45179749     128.64979553     128.64979553     128.64979553     128.64979553     128.82150269     128.82150269     128.82150269     128.82150269     128.98179626     128.98179626     128.98179626     128.98179626     129.18670654     129.18670654     129.18670654     129.18670654     128.83540344     129.30349731     130.25680542
     131.19129944     132.14579773     133.03430176     133.92149353     134.77279663     135.54139709     116.17610168     116.13960266     116.16600037     116.13410187     116.18029785     116.23179626     116.35479736     116.58039856     116.85970306     117.30460358     117.63749695     118.04740143     118.43000031     118.86699677
     119.32260132     119.76869965     120.25579834     120.73590088     121.18679810     121.60530090     121.94570160     122.23549652     122.47470093     122.87419891     123.26180267     123.26180267     123.26180267     123.26180267     123.81909943     123.81909943     123.81909943     123.81909943     124.31839752     124.31839752
     124.31839752     124.31839752     124.64459991     124.90709686     124.80809784     124.42109680     123.71790314     123.03160095     122.29820251     121.81390381     121.49230194     121.49230194     121.49230194     121.49230194     121.22270203     121.22270203     121.22270203     121.22270203     121.17389679     121.17389679
     121.17389679     121.17389679     121.60700226     121.60700226     121.60700226     121.60700226     122.00469971     122.60209656     123.07779694     123.64320374     124.27639771     124.50009918     124.60810089     124.44409943     124.44409943     124.44409943     124.44409943     124.34729767     124.30490112     124.60459900
     125.37590027     125.98320007     126.61540222     127.30750275     128.11140442     128.70440674     129.07000732     129.53289795     129.53289795     129.53289795     129.53289795     130.03250122     130.03250122     130.03250122     130.03250122     130.29319763     130.00239563     129.73100281     129.82299805     130.41960144
     131.21339417     132.18299866     133.09469604     134.13650513     134.98739624     135.68260193     116.43599701     116.40720367     116.40589905     116.49299622     116.57769775     116.72429657     116.96040344     117.27420044     117.58889771     117.93260193     118.24890137     118.61260223     118.98660278     119.37500000
     119.72470093     120.17780304     120.62490082     121.04779816     121.46050262     121.81279755     122.10980225     122.41089630     122.75250244     123.26660156     123.90170288     124.53659821     124.53659821     124.53659821     124.53659821     124.73079681     124.73079681     124.73079681     124.73079681     125.06950378
     125.06950378     125.06950378     125.06950378     124.97440338     124.97440338     124.97440338     124.97440338     124.64199829     124.64199829     124.64199829     124.64199829     123.98149872     123.98149872     123.98149872     123.98149872     123.24310303     123.24310303     123.24310303     123.24310303     122.45770264
     122.45770264     122.45770264     122.45770264     121.93309784     121.93309784     121.93309784     121.93309784     121.59130096     121.59130096     121.59130096     121.59130096     121.32949829     121.32949829     121.32949829     121.32949829     121.24060059     121.24060059     121.24060059     121.24060059     121.47290039
     121.47290039     121.47290039     121.47290039     121.96990204     122.65019989     122.99250031     123.27649689     123.72299957     123.93789673     124.34020233     124.53990173     124.46829987     124.53050232     125.11840057     125.84069824     126.62480164     126.98609924     127.44699860     128.27290344     128.97850037
     128.97850037     128.97850037     128.97850037     129.75489807     130.25579834     130.25579834     130.25579834     130.25579834     130.89179993     131.41310120     131.41310120     131.41310120     131.41310120     130.96330261     130.81410217     130.85420227     131.15100098     131.99749756     132.77270508     133.63079834
     133.85609436     135.13999939     135.88119507     116.69429779     116.72080231     116.79149628     117.08409882     117.21849823     117.45149994     117.69100189     118.11280060     118.32309723     118.57700348     118.83489990     119.12500000     119.43689728     119.70330048     120.17279816     120.54920197     120.95819855
     121.35079956     121.67690277     122.07620239     122.45480347     122.90509796     123.41619873     124.12100220     124.57849884     125.03749847     125.22509766     125.18049622     124.92150116     124.18740082     123.39720154     122.71869659     122.14589691     121.82160187     121.53520203     121.53520203     121.53520203
     121.53520203     121.46610260     121.46610260     121.46610260     121.46610260     121.62580109     121.62580109     121.62580109     121.62580109     122.12300110     122.12300110     122.12300110     122.12300110     122.42489624     123.10119629     123.37169647     123.82790375     124.40879822     124.67520142     124.67520142
     124.67520142     124.67520142     124.89369965     124.98960114     125.17870331     125.84700012     126.48079681     127.42479706     127.85749817     128.11320496     128.44509888     129.11109924     129.87780762     130.52890015     131.26080322     131.58399963     131.70150757     131.57839966     131.54289246     131.99330139
     132.54670715     133.21139526     133.92640686     134.37260437     135.05810547     136.11509705     116.99099731     117.31490326     117.42530060     117.62280273     117.83180237     118.11820221     118.47049713     118.65809631     118.85990143     119.05249786     119.28160095     119.54579926     119.68399811     119.98349762
     120.53230286     120.90370178     121.03500366     121.70860291     122.15640259     122.62709808     123.16010284     123.70800018     124.56140137     124.96920013     125.44480133     125.63619995     125.61229706     125.14089966     124.68379974     123.87120056     123.18540192     122.66570282     122.25669861     121.95570374
     121.80680084     121.89350128     121.89350128     121.89350128     121.89350128     122.38059998     122.38059998     122.38059998     122.38059998     122.86640167     123.31459808     123.62339783     124.27749634     124.66909790     124.96749878     125.29940033     125.81359863     126.26599884     126.81849670     127.89980316
     128.39649963     128.74549866     128.84869385     128.99400330     129.48089600     129.98060608     130.61219788     131.56900024     131.80850220     131.93859863     132.05279541     132.12629700     132.49920654     132.96730042     133.53869629     134.18780518     134.69590759     135.37930298     135.99699402     117.58950043
     117.76119995     117.95069885     118.18969727     118.46649933     118.80609894     118.98120117     119.11879730     119.20690155     119.31130219     119.44760132     119.63749695     119.87870026     120.10870361     120.45909882     120.93129730     121.42710114     121.97170258     122.87290192     123.60510254     124.36160278
     124.97540283     125.40779877     125.90740204     126.20439911     126.18419647     125.92030334     125.52059937     124.73529816     123.97540283     123.97540283     123.97540283     123.97540283     123.44860077     123.01509857     122.58750153     122.33090210     122.33090210     122.33090210     122.33090210     122.40730286
     122.40730286     122.40730286     122.40730286     122.77230072     123.17269897     123.61930084     124.27580261     124.58470154     124.96250153     125.29170227     125.73989868     126.47209930     126.91989899     127.74759674     128.98629761     129.49270630     130.08549500     129.84649658     129.85719299     130.20429993
     130.30020142     130.95550537     131.81869507     132.29130554     132.27239990     132.41960144     132.49809265     132.80619812     133.16050720     133.64030457     134.21969604     134.77980042     135.41920471     136.09300232     118.00849915     118.22180176     118.49579620     118.76429749     119.10099792     119.27300262
     119.30639648     119.33280182     119.37830353     119.46130371     119.58899689     119.75589752     120.02970123     120.41649628     120.89990234     121.45739746     122.12310028     122.88099670     123.98840332     124.68360138     125.53810120     126.06169891     126.63110352     127.00150299     127.14330292     126.87239838
     126.44249725     125.90409851     125.19539642     124.57839966     123.96330261     123.42819977     122.98110199     122.98110199     122.98110199     122.98110199     122.79209900     122.79209900     122.79209900     122.79209900     122.94580078     123.64199829     124.07440186     124.56310272     124.77660370     125.24880219
     125.70520020     126.19180298     126.19180298     126.19180298     126.19180298     127.08439636     127.50779724     128.49899292     129.77969360     130.73159790     131.10189819     130.94149780     131.00709534     130.89599609     130.75909424     131.10539246     131.73440552     132.46380615     132.50579834     132.64599609
     132.80119324     133.27110291     133.55999756     134.00340271     134.52490234     135.08540344     135.70480347     136.25019836     118.42359924     118.69799805     118.98229980     119.32109833     119.44300079     119.44300079     119.44300079     119.44300079     119.42469788     119.40440369     119.40570068     119.44680023
     119.50900269     119.66069794     119.96579742     120.35469818     120.88020325     121.50450134     122.27490234     123.14710236     124.08860016     125.16059875     126.13099670     126.78459930     127.44580078     127.93530273     128.18249512     128.13110352     127.73269653     127.21559906     126.59539795     125.94840240
     125.22350311     124.48400116     123.71900177     123.71900177     123.71900177     123.71900177     123.40720367     123.40720367     123.40720367     123.40720367     123.28450012     124.02850342     124.47499847     124.91040039     125.03279877     125.47650146     126.13539886     126.65940094     127.45030212     127.85399628
     128.66000366     130.07919312     130.81190491     131.74920654     131.85580444     131.77839661     131.35580444     131.18040466     131.40310669     131.90100098     132.27180481     132.67880249     132.84530640     133.06089783     133.54910278     133.94009399     134.30250549     134.78160095     135.31970215     135.86709595
     136.34089661     118.80359650     119.19809723     119.36730194     119.46939850     119.44909668     119.41280365     119.39040375     119.37789917     119.43379974     119.58730316     119.85079956     120.29049683     120.85970306     121.56230164     122.49600220     123.46679688     124.49829865     125.49369812     126.59200287
     127.53320312     128.32440186     128.94529724     129.33470154     129.44050598     129.19779968     128.62399292     128.02969360     127.39880371     126.58070374     126.58070374     126.58070374     126.58070374     125.68219757     124.74109650     124.38249969     124.38249969     124.38249969     124.38249969     123.91400146
     124.28820038     124.61299896     125.02719879     125.48329926     126.00650024     126.42130280     126.89309692     127.54170227     127.90270233     128.64190674     130.01679993     130.45939636     131.56649780     132.03309631     132.09660339     131.51480103     131.46710205     131.70170593     132.18110657     132.50349426
     132.65510559     133.07519531     133.42840576     133.85549927     134.29350281     134.71800232     135.03779602     135.48210144     135.92460632     136.38040161     119.18669891     119.29409790     119.40789795     119.40249634     119.37319946     119.33580017     119.32749939     119.38089752     119.50039673     119.75569916
     120.16690063     120.81259918     121.70570374     122.66909790     123.75460052     124.91059875     126.07510376     127.24030304     128.25680542     129.09179688     129.83760071     130.47500610     130.56309509     130.31170654     129.96220398     129.30320740     128.60600281     127.65779877     126.81639862     125.80039978
     125.19689941     125.19689941     125.19689941     125.19689941     124.73239899     124.73239899     124.73239899     124.73239899     124.79799652     125.22969818     125.73090363     125.85729980     126.30460358     126.93029785     127.36810303     127.58100128     127.76360321     127.99510193     128.62680054     129.87100220
     129.87100220     129.87100220     129.87100220     131.16760254     132.00059509     131.89169312     131.41740417     131.56100464     131.91749573     132.26739502     132.56869507     132.88450623     133.22680664     133.61059570     134.01489258     134.46130371     134.84689331     135.18850708     135.59820557     135.98370361
     136.38040161     119.12930298     119.31829834     119.32910156     119.31490326     119.29489899     119.29180145     119.31549835     119.40699768     119.64929962     120.06539917     120.68160248     121.64320374     122.79579926     124.00000000     125.26249695     126.52989960     127.76770020     128.86399841     129.77160645
     130.66220093     131.20440674     131.34640503     131.24670410     130.77430725     130.24609375     129.22309875     128.44630432     127.31659698     126.12660217     125.46260071     125.46260071     125.46260071     125.46260071     125.32260132     125.32260132     125.32260132     125.32260132     125.62460327     125.91210175
     126.23680115     126.23680115     126.23680115     126.23680115     126.55169678     126.85949707     127.14659882     127.09940338     127.09940338     127.09940338     127.09940338     126.95880127     126.95880127     126.95880127     126.95880127     127.03820038     126.93229675     127.78859711     129.04930115     130.22509766
     130.59370422     130.59370422     130.59370422     130.59370422     130.66639709     131.15029907     131.86830139     132.09159851     132.09159851     132.09159851     132.09159851     132.57000732     132.57000732     132.57000732     132.57000732     132.91619873     132.91619873     132.91619873     132.91619873     133.19079590
     133.19079590     133.19079590     133.19079590     133.50709534     133.50709534     133.50709534     133.50709534     133.88099670     133.88099670     133.88099670     133.88099670     134.34399414     134.34399414     134.34399414     134.34399414     134.73579407     134.73579407     134.73579407     134.73579407     135.03990173
     135.03990173     135.03990173     135.03990173     135.37590027     135.69000244     135.95210266     136.30419922     119.20680237     119.25070190     119.26920319     119.27629852     119.29299927     119.31279755     119.46579742     119.69080353     120.08229828     120.75009918     121.79419708     123.05259705     124.36250305
     125.68879700     126.98729706     128.24769592     129.40510559     130.50909424     131.23249817     131.65339661     131.83650208     131.50570679     131.07189941     130.57420349     129.77470398     128.66490173     127.76180267     127.76180267     127.76180267     127.76180267     126.37180328     125.59040070     125.59040070
     125.59040070     125.59040070     125.73169708     126.19680023     126.19680023     126.19680023     126.19680023     126.79460144     126.86360168     126.93150330     126.96369934     126.96779633     126.39289856     126.39289856     126.39289856     126.39289856     125.80419922     125.80419922     125.80419922     125.80419922
     125.54170227     125.54170227     125.54170227     125.54170227     126.13040161     126.13040161     126.13040161     126.13040161     126.58460236     126.58460236     126.58460236     126.58460236     127.99819946     128.89410400     129.42849731     129.42849731     129.42849731     129.42849731     130.10079956     130.10079956
     130.10079956     130.10079956     130.88569641     130.88569641     130.88569641     130.88569641     131.54989624     131.54989624     131.54989624     131.54989624     132.15249634     132.15249634     132.15249634     132.15249634     132.69380188     133.06430054     133.46099854     133.71470642     134.11869812     134.52450562
     134.52450562     134.52450562     134.52450562     134.85569763     134.85569763     134.85569763     134.85569763     135.17849731     135.17849731     135.17849731     135.17849731     135.46099854     135.46099854     135.46099854     135.46099854     135.71009827     135.91740417     136.19030762     119.19139862     119.26339722
     119.31600189     119.36720276     119.45459747     119.56759644     119.77770233     120.15630341     120.82849884     121.93930054     123.27829742     124.74349976     126.22290039     127.58429718     128.74519348     130.00810242     131.02720642     131.65649414     131.83799744     131.78019714     131.51300049     131.10279846
     130.57659912     129.40319824     128.40629578     126.93440247     125.54260254     125.54260254     125.54260254     125.54260254     125.24539948     125.24539948     125.24539948     125.24539948     125.95950317     126.86329651     127.56369781     127.70089722     127.41380310     127.34549713     126.51049805     126.51049805
     126.51049805     126.51049805     125.98519897     125.06600189     125.06600189     125.06600189     125.06600189     124.89050293     125.35540009     126.20320129     126.87110138     126.87110138     126.87110138     126.87110138     127.40239716     127.40239716     127.40239716     127.40239716     128.54299927     128.54299927
     128.54299927     128.54299927     129.73460388     130.66160583     131.46690369     132.07409668     132.63780212     133.25639343     133.74040222     133.91679382     134.32829285     134.67460632     134.97459412     135.30349731     135.52749634     135.52749634     135.52749634     135.52749634     135.68850708     135.68850708
     135.68850708     135.68850708     135.86000061     136.08450317     119.31420135     119.43090057     119.59149933     119.67189789     119.81739807     120.04129791     120.40100098     121.06269836     122.28109741     123.66210175     125.11799622     126.62699890     127.99320221     129.39599609     130.32150269     131.09840393
     131.30400085     131.47579956     131.56709290     131.24499512     130.66439819     129.87930298     128.86940002     127.79900360     126.30439758     126.30439758     126.30439758     126.30439758     124.78569794     124.78569794     124.78569794     124.78569794     124.95059967     124.95059967     124.95059967     124.95059967
     126.25610352     127.04039764     127.04039764     127.04039764     127.04039764     127.36139679     127.25379944     127.10759735     126.81379700     126.12940216     125.83850098     125.31620026     125.31620026     125.31620026     125.31620026     125.56179810     126.04599762     126.33820343     126.33820343     126.33820343
     126.33820343     126.71700287     126.71700287     126.71700287     126.71700287     127.37229919     128.48699951     129.55259705     130.46539307     131.31530762     132.11340332     132.67129517     133.16349792     133.75129700     134.15359497     134.45750427     134.71969604     134.99850464     135.23019409     135.48869324
     135.64230347     135.64230347     135.64230347     135.64230347     135.74909973     135.74909973     135.74909973     135.74909973     135.82200623     135.82200623     119.64510345     119.87969971     120.02529907     120.24349976     120.54129791     120.99130249     121.78269958     122.91320038     124.33930206     125.58429718
     126.93609619     128.33419800     129.69329834     130.25270081     130.93679810     131.31260681     131.34849548     131.15330505     130.76310730     130.15490723     129.49530029     128.62350464     126.86979675     126.10469818     125.07499695     125.07499695     125.07499695     125.07499695     125.58840179     125.58840179
     125.58840179     125.58840179     126.47779846     127.16449738     127.86579895     127.91030121     127.59970093     127.23130035     126.84130096     126.39279938     126.07849884     126.39730072     126.48300171     126.94020081     126.94020081     126.94020081     126.94020081     126.74569702     127.64469910     128.65269470
     129.70440674     130.55439758     131.39920044     132.37590027     133.01849365     133.48820496     134.08970642     134.61839294     134.87300110     134.97650146     135.18110657     135.34179688     135.49639893     135.58549500     135.64559937     135.69889832     120.24430084     120.49649811     120.81130219     121.21340179
     121.77590179     122.61409760     123.83619690     125.02320099     126.28839874     127.71910095     128.97459412     130.04139709     130.82020569     131.37899780     131.59060669     131.54460144     131.31910706     130.85539246     130.19230652     129.58749390     128.16810608     127.27220154     126.50679779     125.81800079
     126.48229980     126.48229980     126.48229980     126.48229980     127.31680298     127.82050323     128.30940247     128.44610596     128.37609863     128.11030579     127.83889771     127.38909912     127.18319702     127.56230164     127.60669708     127.60669708     127.60669708     127.60669708     127.54759979     127.54759979
     127.54759979     127.54759979     127.80850220     128.51190186     129.59170532     130.28810120     131.03570557     131.83349609     132.77619934     133.45970154     134.07220459     134.65800476     135.06089783     135.25740051     135.25480652     135.42790222     135.50650024     135.51870728     135.51589966     135.56269836
     121.05760193     121.47470093     121.97740173     122.66400146     123.53009796     124.70040131     125.89219666     127.30269623     128.53819275     129.73919678     130.73370361     131.37379456     131.85079956     132.05870056     131.93460083     131.64059448     131.12770081     130.44250488     129.51350403     128.74940491
     127.89610291     127.24050140     126.80950165     127.53199768     127.53199768     127.53199768     127.53199768     128.29179382     128.29179382     128.29179382     128.29179382     128.64140320     129.10119629     129.28599548     129.33299255     129.14810181     128.95710754     128.95710754     128.95710754     128.95710754
     128.59820557     128.59820557     128.59820557     128.59820557     128.44360352     128.44360352     128.44360352     128.44360352     128.72300720     128.72300720     128.72300720     128.72300720     128.90859985     128.90859985     128.90859985     128.90859985     128.99369812     128.96099854     129.54229736     130.53950500
     131.06700134     131.72900391     132.46919250     133.38369751     134.04220581     134.64900208     135.20429993     122.17070007     122.80190277     123.54650116     124.59439850     125.65709686     126.97190094     128.19329834     129.39689636     130.53140259     131.46569824     132.12210083     132.51849365     132.63929749
     132.45399475     132.11169434     131.57870483     130.83360291     130.18750000     129.47760010     128.67619324     128.16099548     127.95310211     128.71240234     129.22079468     129.22079468     129.22079468     129.22079468     129.80479431     129.80479431     129.80479431     129.80479431     130.17970276     130.34860229
     130.38819885     130.38819885     130.38819885     130.38819885     130.33050537     130.33050537     130.33050537     130.33050537     130.20140076     130.20140076     130.20140076     130.20140076     129.91279602     129.81100464     130.11430359     130.30690002     130.38789368     130.52189636     130.77310181     131.55299377
     132.36039734     132.75520325     133.41459656     134.32269287     134.68429565     123.55930328     124.35729980     125.49759674     126.70590210     127.85469818     129.05250549     130.14689636     131.35519409     132.28160095     132.92349243     133.28610229     133.29310608     133.06579590     132.69099426     132.17460632
     131.54179382     130.97470093     130.36010742     129.73190308     129.42379761     129.49020386     130.06719971     130.63600159     131.17700195     131.17700195     131.17700195     131.17700195     131.58219910     131.58219910     131.58219910     131.58219910     131.64100647     131.64100647     131.64100647     131.64100647
     131.66290283     131.66290283     131.66290283     131.66290283     131.64700317     131.55670166     131.27369690     131.31649780     131.61560059     131.59660339     131.66700745     131.78640747     131.97999573     132.75090027     133.34739685     133.62359619     134.26260376     125.09269714     126.41549683     127.49770355
     128.63850403     129.76390076     130.92660522     132.08540344     133.05670166     133.75129700     134.05969238     134.04550171     133.67840576     133.43620300     132.97030640     132.45019531     132.02020264     131.54330444     131.00880432     130.86889648     130.99119568     131.71699524     132.21000671     132.72909546
     133.01390076     133.13780212     133.11070251     133.00199890     132.88020325     132.54789734     132.69920349     132.74920654     132.68609619     132.74209595     132.77789307     132.88839722     133.40249634     134.28579712     134.59640503     127.09429932     128.14799500     129.29350281     130.43370056     131.57060242
     132.64559937     133.65629578     134.40139771     134.61039734     134.56799316     134.34429932     134.07760620     133.71749878     133.38240051     133.11560059     132.85830688     132.63780212     132.60099792     132.89280701     133.58239746     134.03309631     134.47529602     134.67689514     134.73320007     134.76069641
     134.50849915     134.28819275     134.05209351     134.06599426     134.06669617     133.98060608     133.99389648     134.19740295     133.92619324     134.51609802     128.71780396     129.79409790     130.89610291     131.98919678     133.02360535     134.00840759     134.70620728     134.25779724     134.12229919     134.11830139
     134.12750244     134.34820557     134.84800720     135.63929749     136.06329346     136.42309570     136.51910400     136.45100403     136.37159729     136.13459778     135.84579468     135.56689453     135.34939575     135.29440308     135.13150024     135.14050293     135.27349854     135.65769958     136.10859680     136.75120544
     137.56010437     138.05320740     138.28039551     138.26910400     138.15840149     137.88059998     137.61509705     137.27169800     136.81660461     136.52960205
